3 0.56221875 0.03958984375 0.04230625000000003 0.0326078125
3 0.76601171875 0.23679609375 0.013832812499999925 0.05123906250000001
3 0.7572929687500001 0.38275312499999997 0.006595312500000006 0.02949999999999999
4 0.5652734374999999 0.48015703125 0.3081062500000001 0.02531093749999993
2 0.42298125 0.4826765625 0.022209374999999996 0.06630312499999995
2 0.471671875 0.49626406250000005 0.027334375000000043 0.07391250000000005
2 0.5693374999999999 0.6152859375 0.029043750000000035 0.08152187499999997
2 0.625715625 0.57615546875 0.034737500000000046 0.0836953125
2 0.6880734375 0.58485078125 0.02391874999999999 0.07934843750000002
0 0.38397265625 0.8044156250000001 0.15262031250000002 0.32065312499999993
0 0.6530507812499999 0.8772414062499999 0.17255156249999998 0.24021718749999996