3 0.56221875 0.03958984375 0.04230625000000003 0.0326078125
3 0.76601171875 0.23679609375 0.013832812499999925 0.05123906250000001
3 0.7572929687500001 0.38275312499999997 0.006595312500000006 0.02949999999999999
4 0.5652734374999999 0.48015703125 0.3081062500000001 0.02531093749999993
2 0.68522578125 0.57506796875 0.027335937499999918 0.09456406249999993
2 0.626 0.57724140625 0.019362499999999994 0.07934843750000002
2 0.5781640625 0.57832890625 0.03189062500000004 0.07282656249999997
2 0.47252578125000005 0.49789453125000005 0.025626562500000016 0.07717343750000003
2 0.425259375 0.47995937499999997 0.026765624999999994 0.05869687499999996
0 0.39536249999999995 0.7522421875 0.14009062499999997 0.29456562500000005
0 0.64929453125 0.83538046875 0.16685781249999998 0.3261140625
2 0.51466796875 0.6946328125 0.03815468749999997 0.16847812500000003
2 0.25242343749999996 0.95278515625 0.05125312499999999 0.08912968750000001