3 0.56221875 0.03958984375 0.04230625000000003 0.0326078125
3 0.76601171875 0.23679609375 0.013832812499999925 0.05123906250000001
3 0.7572929687500001 0.38275312499999997 0.006595312500000006 0.02949999999999999
4 0.5652734374999999 0.48015703125 0.3081062500000001 0.02531093749999993
2 0.42810703125 0.4397421875 0.02107031250000002 0.06086875000000003
2 0.47309609375 0.48756796874999997 0.03018281250000001 0.06739218749999995
2 0.5169453125000001 0.44082890625 0.029043750000000035 0.05217343750000003
2 0.57531640625 0.57180703125 0.03758593750000001 0.0684796875
2 0.6271390625000001 0.55930703125 0.028474999999999983 0.07826093749999999
2 0.68437109375 0.57398046875 0.03018281250000001 0.07717343750000003
2 0.2447359375 0.94571953125 0.07004687499999998 0.10326093749999998
0 0.40760625 0.6984375 0.12813124999999997 0.2608687499999999
0 0.6467859375 0.8359375 0.16344062500000006 0.3228249999999999