1 0.56221875 0.03958984375 0.04230625000000003 0.0326078125
1 0.76601171875 0.23679609375 0.013832812499999925 0.05123906250000001
1 0.7572929687500001 0.38275312499999997 0.006595312500000006 0.02949999999999999
4 0.5652734374999999 0.48015703125 0.3081062500000001 0.02531093749999993
2 0.39650078125 0.587025 0.033029687499999974 0.06847812499999995
2 0.5374460937500001 0.40713359374999997 0.023348437499999975 0.05434843749999998
2 0.7384718749999999 0.61148125 0.034737500000000046 0.08260937500000001
2 0.5542468749999999 0.3266984375 0.01708437500000004 0.036956250000000024
2 0.59126171875 0.316915625 0.013667187500000021 0.047825000000000006
2 0.62913203125 0.33430703125 0.016514062499999937 0.036957812499999985
0 0.46740078125 0.38376328125 0.06776718749999996 0.12934843749999997
0 0.6174578125 0.5995242187500001 0.11844999999999999 0.2239140625