1 0.56221875 0.03958984375 0.04230625000000003 0.0326078125
1 0.76601171875 0.23447031249999997 0.013832812499999925 0.055903124999999984
1 0.75825546875 0.378078125 0.006595312500000006 0.02949999999999999
4 0.5652734374999999 0.48015703125 0.3081062500000001 0.02531093749999993
2 0.75270859375 0.75930703125 0.041570312500000026 0.12173906250000002
2 0.67782265625 0.516915625 0.027335937499999918 0.08260937500000001
2 0.5889843750000001 0.224525 0.011390625000000033 0.030434375000000014
0 0.611478125 0.6582203125 0.10990937499999998 0.232609375
0 0.41956484375 0.7163718749999999 0.1304109375 0.255434375
0 0.44177421875 0.35930703125 0.07915781250000001 0.1065203125
0 0.5593328125 0.2582203125 0.054746875000000014 0.08260937500000001
0 0.5232093750000001 0.1696328125 0.034737500000000046 0.044565624999999984
0 0.6063539062500001 0.16256796874999999 0.023348437499999975 0.03478281250000002