1 0.56221875 0.03958984375 0.04230625000000003 0.0326078125
1 0.76601171875 0.23447031249999997 0.013832812499999925 0.055903124999999984
1 0.75825546875 0.378078125 0.006595312500000006 0.02949999999999999
4 0.5652734374999999 0.48015703125 0.3081062500000001 0.02531093749999993
0 0.60578359375 0.16745937500000002 0.02790468749999997 0.03804375
0 0.5494054687500001 0.21637265625 0.04384843749999998 0.0663046875
0 0.5280507812499999 0.15332890625 0.02847343750000002 0.0423921875
0 0.4326625 0.35387265625 0.08599062499999999 0.10869531250000004
0 0.45231015625 0.57887265625 0.10364531249999995 0.20217343749999994
0 0.60322109375 0.54680703125 0.09339531249999995 0.17717343749999995
2 0.7148382812499999 0.5734375 0.023917187499999937 0.06521875000000002
2 0.64564765625 0.40550234375 0.02107031250000002 0.06630468749999996