1 0.56221875 0.03958984375 0.04230625000000003 0.0326078125
1 0.76601171875 0.23447031249999997 0.013832812499999925 0.055903124999999984
1 0.75825546875 0.378078125 0.006595312500000006 0.02949999999999999
4 0.5652734374999999 0.48015703125 0.3081062500000001 0.02531093749999993
0 0.596671875 0.4576765625 0.08143437499999999 0.13804374999999997
0 0.488471875 0.44028515625000003 0.07801875000000003 0.1423921875
0 0.41330078124999997 0.34626406249999997 0.09624218749999999 0.10652187500000002
0 0.53459921875 0.16419843750000002 0.03018281250000001 0.048912500000000005
0 0.60606796875 0.16419765625 0.030751562499999975 0.04673906250000002
2 0.66016875 0.380503125 0.020500000000000008 0.048912499999999956
2 0.6211593750000001 0.3011546875 0.015374999999999962 0.042390624999999994