0 0.4666015625 0.13055624999999998 0.013671875 0.03125
3 0.44609375 0.10390625 0.0390625 0.0234375
3 0.340625 0.103125 0.034375 0.0375
3 0.24296875 0.26796875 0.0109375 0.0640625
4 0.57084921875 0.5059414062500001 0.06013281250000002 0.0165453125
4 0.38777343750000004 0.5152046875 0.1750375 0.027665625000000027
2 0.283984375 0.524653125 0.02734375 0.125
2 0.151171875 0.5845484375 0.03125 0.036459375
2 0.1716796875 0.55416640625 0.037109375 0.0868046875
2 0.1462890625 0.5263890625000001 0.017578125 0.03125
2 0.1765625 0.50555546875 0.04296875 0.045139062500000014
2 0.123828125 0.590625 0.015625 0.055556250000000064
2 0.6501953125 0.66267421875 0.033203125 0.15798593749999998
0 0.5115234375 0.562846875 0.091796875 0.15972187500000007
0 0.9197265625 0.48558984375 0.091796875 0.13020781250000005
0 0.9255859375 0.40486093749999996 0.037109375 0.07291562500000004
0 0.967578125 0.42048593749999996 0.03515625 0.08333437500000004
0 0.5583984375 0.18871484375 0.021484375 0.03645781249999998
0 0.40703125 0.20173671875000002 0.03125 0.04861093750000001
0 0.3162109375 0.23472187499999997 0.048828125 0.05902812499999999