0 0.528125 0.1296875 0.015625 0.029512500000000007
0 0.5896484375 0.20434062500000003 0.025390625 0.039931250000000015
0 0.678515625 0.23472187499999997 0.05078125 0.05902812499999999
0 0.4822265625 0.562846875 0.091796875 0.15972187500000007
0 0.0740234375 0.48558984375 0.091796875 0.13020781250000005
0 0.0779296875 0.39791640625 0.021484375 0.05208281250000004
0 0.057421875 0.40833359374999995 0.015625 0.07291718749999995
0 0.026171875 0.42743046875 0.03515625 0.09027656250000002
0 0.434375 0.19305546875 0.0234375 0.03819531249999999
2 0.358203125 0.6053820312499999 0.03125 0.1475703125
2 0.1609375 0.44739609375 0.02734375 0.10242968749999996
2 0.70390625 0.5211812499999999 0.0390625 0.125
2 0.8416015625 0.587153125 0.033203125 0.034721875000000055
2 0.8220703125 0.55416640625 0.037109375 0.0868046875
2 0.850390625 0.5220484375 0.01171875 0.022568750000000026
2 0.8171875 0.50555546875 0.04296875 0.045139062500000014
2 0.869921875 0.5897570312499999 0.015625 0.05382031249999999
4 0.42310390625000005 0.5059843749999999 0.05689843750000003 0.011306249999999985
4 0.60889921875 0.51662421875 0.17037968750000002 0.01829218749999999
3 0.75703125 0.27265625 0.0140625 0.0671875
3 0.65546875 0.10078125 0.0328125 0.0359375
3 0.55 0.10078125 0.04375 0.0265625