3 0.54921875 0.103125 0.0421875 0.03125
3 0.65625 0.10078125 0.03125 0.0328125
3 0.75703125 0.26796875 0.0078125 0.0703125
4 0.4303906250000001 0.5073414062499999 0.04525625 0.015379687500000027
4 0.6061156249999999 0.5150578125 0.173175 0.017800000000000083
0 0.483203125 0.562846875 0.08984375 0.15972187500000007
0 0.073046875 0.48385390624999997 0.08984375 0.12673593749999998
0 0.0779296875 0.399653125 0.021484375 0.055556249999999974
0 0.057421875 0.40833359374999995 0.015625 0.07291718749999995
0 0.026171875 0.42743046875 0.03515625 0.09027656250000002
0 0.432421875 0.196528125 0.0234375 0.038193750000000005
0 0.5896484375 0.20434062500000003 0.025390625 0.039931250000000015
0 0.678515625 0.23472187499999997 0.046875 0.05902812499999999
2 0.52421875 0.2703125 0.03515625 0.053818750000000026
2 0.6326171875 0.680034375 0.060546875 0.16493124999999997
2 0.3962890625 0.50555546875 0.025390625 0.12152656250000007
2 0.70390625 0.5229171875 0.0390625 0.12152812499999995