3 0.44765625 0.103125 0.0421875 0.025
3 0.340625 0.103125 0.03125 0.0375
3 0.24140625 0.26953125 0.0109375 0.0703125
4 0.336146875 0.517390625 0.06276875 0.021178124999999957
4 0.43183125 0.51493984375 0.090496875 0.0197265625
2 0.596484375 0.49166718750000005 0.0234375 0.12152812499999995
4 0.5660859374999999 0.5054117187499999 0.04822499999999996 0.015485937500000001
0 0.510546875 0.562846875 0.08984375 0.15972187500000007
0 0.9197265625 0.48472187499999997 0.091796875 0.12847187500000007
0 0.9158203125 0.398784375 0.021484375 0.053818750000000026
0 0.936328125 0.40746562500000005 0.015625 0.07118124999999997
0 0.967578125 0.4248265625 0.03515625 0.08506874999999998
0 0.561328125 0.19566015625 0.0234375 0.03645781250000002
0 0.4041015625 0.20520859375000003 0.025390625 0.0416671875
0 0.315234375 0.23472187499999997 0.046875 0.05902812499999999
2 0.3806640625 0.54808984375 0.044921875 0.12326406249999992
2 0.28984375 0.5229171875 0.0390625 0.12152812499999995
2 0.256640625 0.9361109375 0.05859375 0.12152812500000003