2 0.397265625 0.4951390625 0.0234375 0.12152812500000003
4 0.42834296875 0.50997890625 0.04329218749999999 0.01694218750000003
4 0.55685859375 0.5133515625 0.07799218749999995 0.016549999999999974
3 0.55 0.10234375 0.0375 0.0234375
3 0.65546875 0.10546875 0.0328125 0.0296875
3 0.75703125 0.26875 0.0109375 0.046875
2 0.616015625 0.50816015625 0.04296875 0.11979218749999995
2 0.6736328125 0.5984375 0.021484375 0.05729062500000008
2 0.709765625 0.5567710937499999 0.0234375 0.05729218749999996
0 0.4822265625 0.562846875 0.091796875 0.15972187500000007
0 0.432421875 0.19566015625 0.0234375 0.03645781250000002
0 0.5896484375 0.2060765625 0.025390625 0.03645937500000003
0 0.6794921875 0.23645859375000003 0.048828125 0.055554687499999963
0 0.0740234375 0.48558984375 0.091796875 0.13020781250000005
0 0.076953125 0.398784375 0.01953125 0.053818750000000026
0 0.057421875 0.40659687499999997 0.015625 0.06944375000000003
0 0.026171875 0.42222265625000005 0.03515625 0.07986093750000003