0 0.0740234375 0.48472187499999997 0.091796875 0.12847187500000007
0 0.069140625 0.40833359374999995 0.0390625 0.07291718749999995
0 0.026171875 0.4248265625 0.03515625 0.08506874999999998
0 0.4822265625 0.562846875 0.091796875 0.15972187500000007
0 0.432421875 0.196528125 0.0234375 0.038193750000000005
0 0.5896484375 0.20434062500000003 0.025390625 0.039931250000000015
0 0.678515625 0.23472187499999997 0.046875 0.05902812499999999
2 0.397265625 0.49166718750000005 0.0234375 0.12847187500000007
2 0.6150390625 0.509028125 0.044921875 0.12152812499999995
2 0.67265625 0.5984375 0.0234375 0.05729062500000008
2 0.709765625 0.55850703125 0.0234375 0.05729218750000005
3 0.54765625 0.10390625 0.0484375 0.0203125
3 0.65703125 0.10390625 0.0328125 0.0328125
3 0.7546875 0.2703125 0.015625 0.0625
4 0.42855625 0.5076625 0.035721874999999945 0.023690625000000055
4 0.560728125 0.5122921875 0.07977812499999999 0.014431249999999984