3 0.340625 0.1015625 0.03125 0.040625
3 0.240625 0.2734375 0.0125 0.065625
2 0.596484375 0.48993046875000007 0.0234375 0.1319453125
4 0.565234375 0.50902734375 0.0390625 0.013889062499999928
4 0.4333984375 0.51423671875 0.064453125 0.013889062500000016
2 0.3787109375 0.50816015625 0.044921875 0.11979218749999995
2 0.319140625 0.5984375 0.0234375 0.05729062500000008
4 0.3259765625 0.5177085937499999 0.005859375 0.00694531249999999
4 0.34453125 0.51770859375 0.02734375 0.013889062500000016
2 0.2830078125 0.559375 0.025390625 0.055556250000000064
2 0.123828125 0.590625 0.015625 0.055556250000000064
2 0.151171875 0.5845484375 0.03125 0.036459375
2 0.17265625 0.55763828125 0.03515625 0.07986093749999998
0 0.315234375 0.23472187499999997 0.046875 0.05902812499999999
0 0.920703125 0.48472187499999997 0.08984375 0.12847187500000007
0 0.916796875 0.39791640625 0.01953125 0.05208281250000004
0 0.936328125 0.40659687499999997 0.015625 0.06944375000000003
0 0.9685546875 0.42048671875 0.033203125 0.07638906249999997
0 0.5115234375 0.56371484375 0.091796875 0.16145781250000005
0 0.561328125 0.19566015625 0.0234375 0.03645781250000002
0 0.5427734375 0.172221875 0.021484375 0.03125