0 0.073046875 0.48645859374999995 0.08984375 0.1319453125
0 0.0779296875 0.398784375 0.021484375 0.053818750000000026
0 0.0583984375 0.40833359374999995 0.017578125 0.07291718749999995
0 0.026171875 0.42743046875 0.03515625 0.09027656250000002
0 0.432421875 0.19566015625 0.0234375 0.03645781250000002
0 0.5896484375 0.20434062500000003 0.025390625 0.039931250000000015
0 0.6794921875 0.23472187499999997 0.048828125 0.05902812499999999
0 0.4822265625 0.56371484375 0.091796875 0.16145781250000005
2 0.397265625 0.49340312500000005 0.0234375 0.125
2 0.6150390625 0.50816015625 0.044921875 0.11979218749999995
2 0.7068359375 0.5211812499999999 0.037109375 0.125
2 0.6736328125 0.5984375 0.025390625 0.05729062500000008
2 0.869921875 0.5897570312499999 0.015625 0.05382031249999999
2 0.84453125 0.58541640625 0.03515625 0.03819531249999999
2 0.8220703125 0.55763828125 0.037109375 0.07986093749999998
4 0.428515625 0.50902734375 0.0390625 0.013889062499999928
4 0.5603515625 0.51423671875 0.064453125 0.013889062500000016
4 0.651171875 0.51770859375 0.02734375 0.013889062500000016
3 0.6541015625 0.10017343749999999 0.033203125 0.039931249999999995
3 0.75546875 0.271875 0.0171875 0.06875