3 0.75546875 0.2671875 0.0140625 0.071875
3 0.65546875 0.10234375 0.0359375 0.0359375
2 0.869921875 0.590625 0.015625 0.055556250000000064
2 0.842578125 0.5845484375 0.03125 0.036459375
2 0.823046875 0.55416640625 0.0390625 0.0868046875
2 0.7068359375 0.5229171875 0.037109375 0.12152812499999995
2 0.6755859375 0.5984375 0.021484375 0.05729062500000008
2 0.6150390625 0.50816015625 0.044921875 0.11979218749999995
2 0.397265625 0.49166718750000005 0.0234375 0.12847187500000007
0 0.073046875 0.48645859374999995 0.08984375 0.1319453125
0 0.0779296875 0.40052031250000003 0.021484375 0.05034687500000001
0 0.0583984375 0.40746562500000005 0.017578125 0.07118124999999997
0 0.0251953125 0.4248265625 0.033203125 0.08506874999999998
0 0.432421875 0.19566015625 0.0234375 0.03645781250000002
0 0.678515625 0.23472187499999997 0.05078125 0.05902812499999999
0 0.5896484375 0.2060765625 0.025390625 0.03645937500000003
0 0.483203125 0.562846875 0.08984375 0.15972187500000007
4 0.5603515625 0.51423671875 0.064453125 0.013889062500000016
4 0.4294921875 0.50729140625 0.041015625 0.017360937499999986
4 0.6521484375 0.5185765625000001 0.029296875 0.015625