3 0.7546875 0.2703125 0.0125 0.059375
3 0.65703125 0.1046875 0.0296875 0.034375
3 0.55078125 0.10390625 0.0390625 0.0234375
2 0.6150390625 0.509028125 0.044921875 0.12152812499999995
2 0.397265625 0.49340312500000005 0.0234375 0.125
2 0.709765625 0.523784375 0.03125 0.11631875000000003
2 0.6736328125 0.59670078125 0.021484375 0.060764062500000014
2 0.869921875 0.590625 0.015625 0.055556250000000064
2 0.8435546875 0.58541640625 0.029296875 0.03819531249999999
2 0.8220703125 0.55763828125 0.037109375 0.07986093749999998
0 0.4822265625 0.562846875 0.091796875 0.15972187500000007
0 0.0740234375 0.48472187499999997 0.091796875 0.12847187500000007
0 0.0779296875 0.398784375 0.021484375 0.053818750000000026
0 0.057421875 0.40833359374999995 0.015625 0.07291718749999995
0 0.0251953125 0.42743046875 0.033203125 0.09027656250000002
0 0.432421875 0.19392343750000002 0.0234375 0.039931250000000015
0 0.5896484375 0.2060765625 0.025390625 0.03645937500000003
0 0.678515625 0.2364578125 0.05078125 0.0625
0 0.448046875 0.1791671875 0.01953125 0.03125
4 0.4294921875 0.50902734375 0.041015625 0.013889062499999928
4 0.56328125 0.51423671875 0.05859375 0.013889062500000016
4 0.6521484375 0.51770859375 0.029296875 0.013889062500000016