2 0.397265625 0.49253515624999994 0.0234375 0.12326406249999992
4 0.4294921875 0.50902734375 0.041015625 0.013889062499999928
4 0.559375 0.51423671875 0.06640625 0.013889062500000016
2 0.6150390625 0.509028125 0.044921875 0.12152812499999995
4 0.6501953125 0.51770859375 0.025390625 0.013889062500000016
3 0.5484375 0.10546875 0.034375 0.0234375
3 0.6546875 0.1015625 0.03125 0.040625
3 0.7578125 0.26484375 0.009375 0.0609375
2 0.674609375 0.59930546875 0.0234375 0.05902656250000007
2 0.7078125 0.524653125 0.03515625 0.125
2 0.842578125 0.58541640625 0.03125 0.03819531249999999
2 0.869921875 0.590625 0.015625 0.055556250000000064
2 0.8220703125 0.55763828125 0.037109375 0.07986093749999998
0 0.588671875 0.20694453125 0.0234375 0.03819531250000001
0 0.0740234375 0.48472187499999997 0.091796875 0.12847187500000007
0 0.0779296875 0.398784375 0.021484375 0.053818750000000026
0 0.057421875 0.40659687499999997 0.015625 0.06944375000000003
0 0.0251953125 0.42048671875 0.033203125 0.07638906249999997
0 0.6794921875 0.23472187499999997 0.048828125 0.05902812499999999
0 0.432421875 0.19566015625 0.0234375 0.03645781250000002
0 0.4470703125 0.18003515625 0.021484375 0.03298593750000001
0 0.4822265625 0.562846875 0.091796875 0.15972187500000007