0 0.561328125 0.19566015625 0.0234375 0.03645781250000002
0 0.54765625 0.17916640625 0.0234375 0.03819531249999999
0 0.920703125 0.48385390624999997 0.09375 0.12673593749999998
0 0.4021484375 0.2 0.041015625 0.052084375
0 0.5115234375 0.562846875 0.091796875 0.15972187500000007
0 0.315234375 0.23472187499999997 0.05078125 0.05902812499999999
0 0.9158203125 0.398784375 0.021484375 0.053818750000000026
0 0.936328125 0.40746562500000005 0.015625 0.07118124999999997
0 0.967578125 0.4248265625 0.03515625 0.08506874999999998
2 0.596484375 0.49166718750000005 0.0234375 0.12847187500000007
2 0.377734375 0.50816015625 0.04296875 0.11979218749999995
2 0.319140625 0.5984375 0.01953125 0.05729062500000008
2 0.283984375 0.559375 0.0234375 0.055556250000000064
2 0.123828125 0.5897570312499999 0.015625 0.05382031249999999
2 0.151171875 0.5836804687500001 0.03125 0.05555468750000001
2 0.1697265625 0.55416640625 0.041015625 0.0868046875
4 0.434375 0.51423671875 0.06640625 0.013889062500000016
4 0.56328125 0.5098953125 0.0390625 0.012153124999999942
4 0.3435546875 0.5185765625000001 0.025390625 0.015625
3 0.340625 0.10390625 0.034375 0.0390625
3 0.44921875 0.1015625 0.0421875 0.025
3 0.2421875 0.2734375 0.0125 0.0625