2 0.3953125 0.528125 0.0234375 0.055556250000000064
4 0.428515625 0.50902734375 0.0390625 0.013889062499999928
4 0.5583984375 0.51423671875 0.068359375 0.013889062500000016
2 0.6140625 0.500346875 0.04296875 0.11805624999999997
4 0.6482421875 0.51770859375 0.025390625 0.013889062500000016
3 0.55234375 0.103125 0.0359375 0.025
3 0.65625 0.10078125 0.028125 0.0359375
3 0.75703125 0.26328125 0.0109375 0.0609375
2 0.674609375 0.5984375 0.01953125 0.05729062500000008
2 0.7087890625 0.5524304687500001 0.025390625 0.0694453125
0 0.4841796875 0.55069375 0.087890625 0.15625
0 0.0740234375 0.48558984375 0.091796875 0.13020781250000005
0 0.4314453125 0.196528125 0.025390625 0.038193750000000005
0 0.5896484375 0.20434062500000003 0.025390625 0.039931250000000015
0 0.678515625 0.23645859375000003 0.05078125 0.055554687499999963