2 0.397265625 0.49166718750000005 0.0234375 0.12847187500000007
4 0.428515625 0.508159375 0.0390625 0.012153124999999942
4 0.5896484375 0.5151046874999999 0.130859375 0.015625
0 0.4841796875 0.50729140625 0.076171875 0.13888906250000002
2 0.295703125 0.8666671875 0.0546875 0.21875000000000008
2 0.6033203125 0.4170140625 0.037109375 0.09027812500000003
2 0.6677734375 0.559375 0.021484375 0.055556250000000064
2 0.7107421875 0.559375 0.021484375 0.055556250000000064
1 0.54921875 0.10234375 0.0421875 0.0359375
1 0.65546875 0.1046875 0.0359375 0.034375
1 0.75546875 0.2625 0.0109375 0.059375
0 0.073046875 0.48472187499999997 0.09375 0.12847187500000007
0 0.428515625 0.20347187499999997 0.02734375 0.038193749999999985
0 0.5896484375 0.2060765625 0.025390625 0.03645937500000003