1 0.44498046875 0.09750390625000001 0.03541093750000002 0.0296109375
1 0.2392859375 0.27054296874999995 0.01145624999999999 0.07217656250000001
4 0.56423203125 0.5065062499999999 0.03853593750000002 0.012956250000000048
4 0.39795546875000004 0.5148343750000001 0.1402859375 0.01665625000000004
2 0.596484375 0.49166718750000005 0.0234375 0.12847187500000007
0 0.51515 0.46972031249999996 0.07811250000000003 0.13602499999999998
2 0.40800468749999996 0.3492578125 0.037109375 0.09215
2 0.35748125000000003 0.46062734375 0.033203125 0.12877031249999998
2 0.2869140625 0.524653125 0.037109375 0.11805624999999997
2 0.6384765625 0.6427085937499999 0.037109375 0.16666718749999995
2 0.3806640625 0.743403125 0.056640625 0.19444375000000003