4 0.5017578125 0.5125 0.146484375 0.017362499999999947
4 0.639453125 0.51770859375 0.05078125 0.013889062500000016
2 0.0583984375 0.60625 0.013671875 0.06597187499999997
2 0.0369140625 0.6305554687500001 0.025390625 0.1006953125
2 0.3904296875 0.52725703125 0.005859375 0.019098437499999933
2 0.405078125 0.5767359375 0.02734375 0.06944375000000003
2 0.59453125 0.509028125 0.0390625 0.12847187500000007
2 0.6892578125 0.5064234375 0.044921875 0.11631875000000003
2 0.584765625 0.8006945312500001 0.01953125 0.07291718750000005
2 0.6052734375 0.35972265625 0.025390625 0.07986093749999998
2 0.5642578125 0.26076328125 0.017578125 0.048610937499999986
0 0.4470703125 0.42743046875 0.099609375 0.11111093749999998
0 0.389453125 0.25381953125 0.0390625 0.05555468750000001
0 0.428515625 0.20086796875 0.03125 0.03992968749999999
0 0.073046875 0.48472187499999997 0.09375 0.12847187500000007
0 0.5896484375 0.2060765625 0.025390625 0.03645937500000003
1 0.65859375 0.103125 0.0265625 0.040625
1 0.75546875 0.27265625 0.0109375 0.0640625