2 0.0828125 0.5888890625000001 0.03515625 0.09375
2 0.4041015625 0.49340312500000005 0.017578125 0.055556249999999974
2 0.45390625 0.4873265625 0.0078125 0.015625
2 0.436328125 0.5298609375 0.0234375 0.05902812500000003
2 0.5583984375 0.53854140625 0.021484375 0.05555468750000001
2 0.6833984375 0.49861093749999996 0.041015625 0.114584375
2 0.58671875 0.4447914062500001 0.03125 0.08333281250000005
0 0.4294921875 0.4170140625 0.111328125 0.10416562499999996
0 0.36015625 0.31111171875 0.03125 0.017360937499999986
0 0.3640625 0.27291640624999997 0.0390625 0.038195312500000037
0 0.4197265625 0.21388828124999998 0.033203125 0.04513906249999999
4 0.61796875 0.51770859375 0.08984375 0.013889062500000016
4 0.502734375 0.51076328125 0.0859375 0.013889062500000016
1 0.54921875 0.10546875 0.0390625 0.0203125
1 0.6578125 0.09921875 0.034375 0.0421875
1 0.75546875 0.27109375 0.0109375 0.0796875