1 0.54921875 0.103125 0.0390625 0.025
1 0.65625 0.10078125 0.028125 0.0359375
1 0.75546875 0.27421875 0.0109375 0.0671875
0 0.41875 0.41354140624999997 0.1171875 0.10416718750000001
0 0.3689453125 0.26597265625000005 0.041015625 0.0520828125
0 0.19609375 0.58715234375 0.04296875 0.11111093750000008
0 0.1453125 0.5645835937499999 0.07421875 0.17708281250000005
2 0.6482421875 0.531596875 0.029296875 0.13194375000000003
2 0.4080078125 0.46388828125000003 0.025390625 0.10763906250000002
2 0.5095703125 0.3857640625 0.021484375 0.09027812500000003
2 0.6482421875 0.43263828125000003 0.025390625 0.07986093750000003
2 0.57646484375 0.325 0.0126953125 0.024306249999999974
2 0.5349609375 0.278125 0.013671875 0.041665625
2 0.5759765625 0.28680625000000004 0.017578125 0.03125
4 0.52421875 0.51857578125 0.21484375 0.029514062500000014