0 0.9197265625 0.48472187499999997 0.091796875 0.12847187500000007
0 0.5525390625 0.63923671875 0.185546875 0.3888890625000001
0 0.575 0.403125 0.1171875 0.08333437499999996
2 0.58671875 0.44652812500000005 0.0234375 0.08680624999999997
2 0.39921875 0.403125 0.0234375 0.09722187499999997
2 0.362109375 0.40833281250000003 0.0234375 0.09375000000000004
2 0.432421875 0.2251734375 0.015625 0.06770937499999999
4 0.3748046875 0.51597265625 0.169921875 0.017360937500000072
1 0.44609375 0.1046875 0.0390625 0.01875
1 0.33984375 0.10078125 0.0328125 0.0359375
1 0.240625 0.275 0.0125 0.065625
0 0.5935546875 0.204340625 0.056640625 0.11631875