0 0.3787109375 0.22604140625000002 0.068359375 0.13194531250000002
0 0.0857421875 0.6809023437499999 0.162109375 0.27083281249999996
0 0.6306640625 0.8857640625000001 0.146484375 0.22222187499999996
0 0.3474609375 0.9612851562500001 0.150390625 0.06770781249999995
0 0.408984375 0.41354140624999997 0.09765625 0.10416718750000001
0 0.0740234375 0.48125 0.091796875 0.12152812500000003
0 0.4978515625 0.47777812500000005 0.130859375 0.253471875
4 0.6853515625 0.51944453125 0.041015625 0.010417187500000046
4 0.6072265625 0.51597265625 0.107421875 0.017360937500000072
2 0.5984375 0.35625 0.01953125 0.07986250000000003
2 0.6296875 0.3875 0.01953125 0.08680625000000002
2 0.4001953125 0.47951328125000003 0.033203125 0.07638906250000002
1 0.55 0.10234375 0.04375 0.0328125
1 0.65625 0.1046875 0.028125 0.040625