0 0.37578125 0.6583335937499999 0.1015625 0.2118046875
0 0.5740234375 0.75208359375 0.146484375 0.26041718750000004
0 0.575 0.41354140624999997 0.1171875 0.10416718750000001
2 0.5857421875 0.46459296875 0.025390625 0.12293593749999995
2 0.3748046875 0.35798671875 0.017578125 0.07638906250000002
2 0.389453125 0.325 0.0078125 0.017362500000000038
2 0.3904296875 0.2885421875 0.013671875 0.03472187499999997
0 0.46324921874999997 0.3591375 0.0732421875 0.16968750000000005
0 0.596484375 0.23472265625 0.03515625 0.045139062500000014
2 0.54619140625 0.30590312500000005 0.0087890625 0.006943749999999982
2 0.5486328125 0.27291640624999997 0.013671875 0.04513906249999997
1 0.4451171875 0.1010421875 0.041015625 0.027778124999999997
1 0.2400390625 0.21909765625000005 0.013671875 0.0208328125
1 0.2390625 0.27118046875 0.01171875 0.0416671875
4 0.4300140625 0.51303359375 0.29005625 0.029610937500000035