0 0.6200515625 0.6028125 0.1015625 0.21180624999999997
0 0.4410765625 0.68175703125 0.146484375 0.26041718750000004
0 0.41875 0.41354140624999997 0.1171875 0.10416718750000001
2 0.4080078125 0.46459296875 0.025390625 0.12293593749999995
2 0.6137374999999999 0.33947890625 0.017578125 0.07638906250000002
2 0.604296875 0.325 0.0078125 0.017362500000000038
2 0.6012375 0.2829890625 0.013671875 0.03472187499999997
0 0.5325851562499999 0.34063046875 0.0732421875 0.1696859375
0 0.38685 0.25045312500000005 0.03515625 0.04513750000000001
2 0.44755859375 0.30590312500000005 0.0087890625 0.006943749999999982
2 0.4378265625 0.26921484375000004 0.013671875 0.04513906249999997
1 0.5486328125 0.1010421875 0.041015625 0.027778124999999997
1 0.7537109375 0.21909765625000005 0.013671875 0.0208328125
1 0.7546875 0.27118046875 0.01171875 0.0416671875
4 0.5608718749999999 0.51303359375 0.29578437499999993 0.029610937500000035