0 0.41875 0.41354140624999997 0.1171875 0.10416718750000001
2 0.4080078125 0.46459296875 0.025390625 0.12293593749999995
2 0.6116546875 0.32467421874999997 0.017578125 0.07638906249999997
2 0.5986343749999999 0.2718859375 0.013671875 0.03472187500000001
0 0.36706249999999996 0.26340859375000003 0.03515625 0.045139062500000014
2 0.43001562499999996 0.26828984375 0.013671875 0.045139062500000014
1 0.5486328125 0.1010421875 0.041015625 0.027778124999999997
1 0.7537109375 0.21909765625000005 0.013671875 0.0208328125
1 0.7546875 0.27118046875 0.01171875 0.0416671875
4 0.5608718749999999 0.51303359375 0.29578437499999993 0.029610937500000035
0 0.6091796875 0.5420140625000001 0.083984375 0.15277812500000004
0 0.459765625 0.618403125 0.1171875 0.1875
0 0.4328 0.899653125 0.28049375 0.19444374999999994