4 0.53984375 0.50902734375 0.11328125 0.017360937500000072
4 0.3318359375 0.51770859375 0.080078125 0.013889062500000016
2 0.635546875 0.665278125 0.03125 0.16319375000000003
2 0.592578125 0.43090312500000005 0.01953125 0.09722187500000001
0 0.4265625 0.2885421875 0.0703125 0.027778125000000032
0 0.4255859375 0.44305546875 0.107421875 0.2604171875
0 0.4763671875 0.17395859374999997 0.025390625 0.05555468749999999
0 0.4783203125 0.28680546875 0.029296875 0.017360937499999986
0 0.483203125 0.32760390624999997 0.03125 0.0364578125
0 0.350390625 0.32847265625 0.0390625 0.017360937499999986
0 0.338671875 0.2920140625 0.0625 0.03472187500000001
0 0.9197265625 0.48472187499999997 0.091796875 0.12847187500000007
1 0.44609375 0.1046875 0.0390625 0.015625
1 0.3421875 0.09921875 0.03125 0.0390625
1 0.23984375 0.27421875 0.0140625 0.0765625