1 0.5484375 0.10703125 0.04375 0.0296875
1 0.65703125 0.10078125 0.0359375 0.0359375
1 0.7546875 0.27890625 0.015625 0.0703125
0 0.565234375 0.2729171875 0.07421875 0.06597187499999997
0 0.569140625 0.391840625 0.0859375 0.16493124999999997
0 0.5134765625 0.2703125 0.029296875 0.046875
0 0.5466796875 0.21215234375 0.033203125 0.04166718749999998
0 0.3630859375 0.95 0.185546875 0.09375
0 0.153125 0.48298593749999996 0.078125 0.13194375000000003
2 0.381640625 0.40486093749999996 0.02734375 0.09375
2 0.3845703125 0.56284765625 0.029296875 0.13888906249999994
4 0.6833984375 0.51944453125 0.037109375 0.010417187500000046
4 0.533984375 0.5142359375 0.2578125 0.027778125000000032