2 0.643359375 0.6123265625000001 0.0390625 0.16145937500000002
4 0.684375 0.51944453125 0.03515625 0.010417187500000046
4 0.5447468750000001 0.533384375 0.23238124999999998 0.06586875
2 0.40703125 0.46736171875 0.03125 0.10763906250000002
2 0.2751953125 0.8927085937499999 0.056640625 0.20833281250000005
0 0.557421875 0.340625 0.06640625 0.0625
0 0.55546875 0.25555625000000004 0.06640625 0.09375
0 0.432421875 0.7078125 0.1328125 0.24131874999999994
0 0.073046875 0.62361171875 0.1328125 0.20486093749999998
0 0.5134765625 0.23125 0.021484375 0.04513749999999996
1 0.55078125 0.10390625 0.0359375 0.0265625
1 0.6578125 0.10078125 0.03125 0.0328125
1 0.75546875 0.2671875 0.0140625 0.05