1 0.65546875 0.10234375 0.0296875 0.0359375
1 0.75625 0.2734375 0.0125 0.065625
4 0.5565609375 0.517390625 0.30601874999999995 0.03599999999999994
2 0.323046875 0.9022570312500001 0.0546875 0.18576406250000002
2 0.6677734375 0.9560765625000001 0.048828125 0.078125
2 0.678515625 0.8614578125 0.0546875 0.09027812500000003
0 0.5818359375 0.32673593749999996 0.044921875 0.027778124999999987
0 0.580859375 0.28159765625000005 0.046875 0.0416671875
0 0.5154296875 0.24600703125 0.033203125 0.05382031249999999
0 0.073046875 0.48472187499999997 0.08984375 0.12847187500000007
0 0.5271484375 0.17135390624999997 0.029296875 0.07117968749999999