2 0.576953125 0.57933984375 0.0390625 0.15104218749999995
2 0.62578125 0.555903125 0.0234375 0.0625
0 0.487109375 0.62708359375 0.1015625 0.20486093749999998
0 0.330859375 0.9204859375 0.16015625 0.15277812500000004
0 0.073046875 0.48558984375 0.08984375 0.13020781250000005
3 0.55234375 0.10390625 0.0390625 0.0203125
3 0.6546875 0.1015625 0.03125 0.040625
3 0.75546875 0.26875 0.0140625 0.0625
4 0.48213984375 0.5092507812499999 0.17861093750000007 0.02686718749999999
4 0.6015750000000001 0.5179203125 0.02309062499999994 0.013765625000000004
4 0.6765273437499999 0.5195078125 0.07442031249999995 0.01905937499999997