2 0.416796875 0.57933984375 0.0390625 0.15104218749999995
2 0.36796875 0.555903125 0.0234375 0.0625
0 0.506640625 0.62708359375 0.1015625 0.20486093749999998
0 0.662890625 0.9204859375 0.16015625 0.15277812500000004
0 0.920703125 0.48558984375 0.08984375 0.13020781250000005
3 0.44609375 0.10390625 0.0390625 0.0203125
3 0.3421875 0.1015625 0.03125 0.040625
3 0.24140625 0.26875 0.0140625 0.0625
4 0.51161015625 0.5092507812499999 0.17861093750000007 0.02686718749999999
4 0.392175 0.5179203125 0.02309062499999994 0.013765625000000004
4 0.31722265624999996 0.5195078125 0.07442031249999999 0.01905937499999997