4 0.52500625 0.5081921875 0.16372499999999998 0.02475000000000005
3 0.446875 0.1015625 0.040625 0.025
3 0.340625 0.10078125 0.03125 0.0296875
3 0.2421875 0.27265625 0.0125 0.0671875
2 0.639453125 0.625346875 0.0390625 0.15277812499999993
2 0.428515625 0.5385421875 0.02734375 0.09027812499999995
2 0.369921875 0.5211804687500001 0.03515625 0.1319453125
2 0.244921875 0.68697890625 0.04296875 0.15798593749999998
0 0.506640625 0.62708359375 0.1015625 0.20486093749999998
0 0.6619140625 0.9204859375 0.158203125 0.15277812500000004
0 0.9197265625 0.48472187499999997 0.091796875 0.12847187500000007
4 0.3923828125 0.51423671875 0.021484375 0.013889062500000016
4 0.3455078125 0.51770859375 0.025390625 0.013889062500000016
4 0.3083984375 0.51944453125 0.041015625 0.010417187500000046