4 0.5408203125 0.51423671875 0.017578125 0.013889062500000016
2 0.623828125 0.5298609375 0.03515625 0.114584375
4 0.64921875 0.51770859375 0.0234375 0.013889062500000016
2 0.5662109375 0.5385421875 0.025390625 0.09027812499999995
4 0.5935546875 0.51597265625 0.033203125 0.010417187499999958
4 0.6853515625 0.51944453125 0.037109375 0.010417187500000046
4 0.4646484375 0.50902734375 0.134765625 0.017360937500000072
0 0.487109375 0.62708359375 0.1015625 0.20486093749999998
0 0.3318359375 0.9204859375 0.158203125 0.15277812500000004
0 0.0740234375 0.48472187499999997 0.091796875 0.12847187500000007
2 0.369921875 0.60885390625 0.02734375 0.0711796875
2 0.7478515625 0.68697890625 0.044921875 0.15798593749999998
3 0.54765625 0.103125 0.0453125 0.01875
3 0.65625 0.10078125 0.034375 0.0359375
3 0.75546875 0.27734375 0.0140625 0.0703125