3 0.54921875 0.10234375 0.0421875 0.0234375
3 0.65703125 0.1 0.0265625 0.034375
3 0.75625 0.2796875 0.0125 0.08125
0 0.487109375 0.62708359375 0.1015625 0.20486093749999998
0 0.3318359375 0.9204859375 0.158203125 0.15277812500000004
0 0.0740234375 0.48472187499999997 0.091796875 0.12847187500000007
2 0.39140625 0.5046875 0.02734375 0.11979062500000008
2 0.5662109375 0.53333359375 0.025390625 0.10763906250000002
2 0.62578125 0.5576390625000001 0.0234375 0.05902812500000003
2 0.7478515625 0.68697890625 0.044921875 0.15798593749999998
4 0.4744140625 0.5098953125 0.146484375 0.019096875000000058
4 0.64921875 0.51770859375 0.02734375 0.013889062500000016
4 0.6853515625 0.51944453125 0.041015625 0.010417187500000046
4 0.5935546875 0.5151046874999999 0.037109375 0.015625