4 0.479296875 0.51076328125 0.140625 0.017360937499999986
2 0.393359375 0.48993046875000007 0.0234375 0.1180546875
2 0.623828125 0.5298609375 0.03515625 0.114584375
2 0.748828125 0.68871484375 0.04296875 0.15451406249999994
2 0.5662109375 0.540278125 0.025390625 0.09375
0 0.487109375 0.62708359375 0.1015625 0.20486093749999998
0 0.3318359375 0.9204859375 0.158203125 0.15277812500000004
0 0.0740234375 0.48472187499999997 0.091796875 0.12847187500000007
3 0.55234375 0.10390625 0.0390625 0.0203125
3 0.6546875 0.103125 0.0375 0.04375
3 0.75625 0.27578125 0.0125 0.0671875