4 0.541796875 0.5125 0.015625 0.010415625000000085
0 0.487109375 0.62708359375 0.1015625 0.20486093749999998
4 0.46953125 0.5098953125000001 0.12109375 0.015625
2 0.3953125 0.48993046875000007 0.02734375 0.1180546875
2 0.623828125 0.5211804687500001 0.03515625 0.1319453125
2 0.5671875 0.5385421875 0.0234375 0.09722187500000005
2 0.748828125 0.68871484375 0.04296875 0.15451406249999994
3 0.5484375 0.10390625 0.040625 0.0265625
3 0.65703125 0.1015625 0.0328125 0.040625
3 0.75625 0.271875 0.0125 0.06875
0 0.330859375 0.9204859375 0.16015625 0.15277812500000004
0 0.0740234375 0.48472187499999997 0.091796875 0.12847187500000007