0 0.487109375 0.62708359375 0.1015625 0.20486093749999998
0 0.0740234375 0.48472187499999997 0.091796875 0.12847187500000007
0 0.3318359375 0.9204859375 0.158203125 0.15277812500000004
2 0.39140625 0.5177085937499999 0.01953125 0.0694453125
2 0.56328125 0.51944453125 0.03125 0.13541718750000004
2 0.623828125 0.5211804687500001 0.03515625 0.1319453125
2 0.748828125 0.6895828125000001 0.04296875 0.15625
4 0.479296875 0.5098953125000001 0.140625 0.015625
3 0.55 0.10703125 0.0375 0.0296875
3 0.65703125 0.1015625 0.0296875 0.034375
3 0.75703125 0.27265625 0.0109375 0.0765625