3 0.65625 0.10546875 0.028125 0.0359375
3 0.55078125 0.10703125 0.0359375 0.0265625
3 0.75625 0.271875 0.009375 0.059375
0 0.487109375 0.62708359375 0.1015625 0.20486093749999998
0 0.0720703125 0.48472187499999997 0.091796875 0.12847187500000007
0 0.3318359375 0.9204859375 0.158203125 0.15277812500000004
2 0.5671875 0.5420140625000001 0.0234375 0.09027812500000003
2 0.3953125 0.4916664062500001 0.02734375 0.11458281250000005
2 0.623828125 0.5229171875 0.03515625 0.12847187500000007
2 0.748828125 0.68871484375 0.04296875 0.15451406249999994
4 0.479296875 0.51076328125 0.140625 0.017360937499999986
4 0.5935546875 0.51510390625 0.037109375 0.022570312499999988