3 0.55078125 0.1046875 0.0390625 0.021875
3 0.65546875 0.103125 0.0296875 0.0375
3 0.75625 0.2703125 0.015625 0.065625
0 0.487109375 0.62708359375 0.1015625 0.20486093749999998
0 0.330859375 0.9204859375 0.16015625 0.15277812500000004
0 0.655078125 0.899653125 0.1484375 0.19444374999999994
0 0.0720703125 0.48472187499999997 0.091796875 0.12847187500000007
2 0.3943359375 0.48993046875000007 0.025390625 0.1180546875
2 0.5662109375 0.540278125 0.021484375 0.09375
2 0.6228515625 0.5203125 0.037109375 0.1302093749999999
2 0.7478515625 0.6895828125000001 0.044921875 0.15625
4 0.479296875 0.51076328125 0.140625 0.017360937499999986
4 0.5935546875 0.5142359375 0.037109375 0.020834375000000006