2 0.5662109375 0.540278125 0.021484375 0.09375
4 0.5935546875 0.51336796875 0.037109375 0.019098437499999933
4 0.479296875 0.51076328125 0.140625 0.017360937499999986
2 0.393359375 0.48993046875000007 0.02734375 0.1180546875
2 0.6228515625 0.5211804687500001 0.037109375 0.1319453125
2 0.748828125 0.67916640625 0.04296875 0.13541718749999995
0 0.6541015625 0.8788195312500001 0.150390625 0.23611093749999998
0 0.487109375 0.62708359375 0.1015625 0.20486093749999998
0 0.330859375 0.9204859375 0.16015625 0.15277812500000004
0 0.073046875 0.48472187499999997 0.09375 0.12847187500000007
3 0.54921875 0.10234375 0.0421875 0.0265625
3 0.65625 0.096875 0.034375 0.040625
3 0.7578125 0.271875 0.0125 0.06875