3 0.75546875 0.27265625 0.0140625 0.0640625
3 0.6546875 0.10234375 0.034375 0.0359375
3 0.55 0.10390625 0.04375 0.0265625
0 0.073046875 0.48472187499999997 0.09375 0.12847187500000007
0 0.3318359375 0.9204859375 0.158203125 0.15277812500000004
0 0.487109375 0.62708359375 0.1015625 0.20486093749999998
0 0.653125 0.8623265625000001 0.15234375 0.265625
2 0.748828125 0.6895828125000001 0.04296875 0.15625
2 0.6228515625 0.5125 0.037109375 0.11458437499999992
2 0.565234375 0.540278125 0.0234375 0.09375
2 0.3943359375 0.49340234375 0.025390625 0.11111093750000008
4 0.479296875 0.5098953125000001 0.140625 0.015625
4 0.5935546875 0.51597265625 0.037109375 0.017360937500000072