4 0.514453125 0.5098953125000001 0.140625 0.015625
2 0.4275390625 0.540278125 0.025390625 0.09375
4 0.4001953125 0.516840625 0.037109375 0.019096875000000058
2 0.5984375 0.48993046875000007 0.02734375 0.1180546875
2 0.369921875 0.5211804687500001 0.03515625 0.1319453125
2 0.244921875 0.6895828125000001 0.04296875 0.15625
0 0.3455078125 0.8493054687499999 0.146484375 0.2951390625
0 0.506640625 0.62708359375 0.1015625 0.20486093749999998
0 0.6619140625 0.9204859375 0.158203125 0.15277812500000004
0 0.9197265625 0.48472187499999997 0.091796875 0.12847187500000007
3 0.44921875 0.1015625 0.0421875 0.025
3 0.3390625 0.103125 0.03125 0.0375
3 0.24140625 0.275 0.0109375 0.075