3 0.446875 0.103125 0.046875 0.025
3 0.3421875 0.10390625 0.034375 0.0328125
3 0.23984375 0.27109375 0.0171875 0.0578125
0 0.506640625 0.62708359375 0.1015625 0.20486093749999998
0 0.350390625 0.8223960937499999 0.140625 0.3038203125000001
0 0.6619140625 0.9204859375 0.158203125 0.15277812500000004
0 0.920703125 0.48472187499999997 0.09375 0.12847187500000007
2 0.60234375 0.51423671875 0.01953125 0.07638906250000002
2 0.4275390625 0.540278125 0.025390625 0.09375
2 0.369921875 0.5229171875 0.03515625 0.12847187500000007
2 0.2458984375 0.68524296875 0.041015625 0.16145781249999996
4 0.514453125 0.5098953125000001 0.140625 0.015625
4 0.4001953125 0.5107640625000001 0.037109375 0.027778125000000032