1 0.44765625 0.10703125 0.0453125 0.0234375
1 0.340625 0.10234375 0.03125 0.0390625
1 0.24140625 0.27578125 0.0140625 0.0640625
4 0.491015625 0.5116320312499999 0.20703125 0.022570312499999988
0 0.9197265625 0.48472187499999997 0.091796875 0.12847187500000007
0 0.6619140625 0.91875 0.158203125 0.15625
0 0.5056640625 0.61319453125 0.099609375 0.19791718750000004
0 0.354296875 0.79895859375 0.13671875 0.29166718750000004
2 0.440234375 0.41441015625000005 0.0234375 0.09895781249999999
2 0.37578125 0.48472187499999997 0.02734375 0.09375
2 0.63359375 0.4135414062500001 0.015625 0.05555468750000001
2 0.6091796875 0.43263828125000003 0.021484375 0.045139062500000014
2 0.3162109375 0.465625 0.021484375 0.10416562500000008