1 0.5484375 0.10234375 0.040625 0.0234375
1 0.65625 0.1015625 0.028125 0.0375
1 0.75625 0.26796875 0.015625 0.0703125
0 0.4939453125 0.49513828125000003 0.076171875 0.14236093749999998
0 0.6169921875 0.6149312499999999 0.099609375 0.1875
0 0.3552734375 0.8579859375 0.150390625 0.27777812500000004
2 0.1453125 0.5046875 0.01953125 0.05729062500000008
2 0.121875 0.51944453125 0.02734375 0.07986093749999998
0 0.073046875 0.48472187499999997 0.08984375 0.12847187500000007
2 0.5798828125 0.29375 0.005859375 0.010415624999999994
2 0.5779296875 0.3388890625 0.013671875 0.052084375
4 0.686328125 0.51944453125 0.0390625 0.010417187500000046
4 0.4265625 0.50729140625 0.0546875 0.013889062500000016
4 0.5984375 0.51597265625 0.125 0.017360937500000072