4 0.686328125 0.51944453125 0.0390625 0.010417187500000046
4 0.549609375 0.51423671875 0.03125 0.013889062500000016
4 0.428515625 0.508159375 0.05859375 0.012153124999999942
0 0.4958984375 0.46736093749999996 0.072265625 0.12847187499999996
0 0.612109375 0.57847265625 0.09375 0.17013906249999994
0 0.3650390625 0.8171875 0.142578125 0.2725687499999999
0 0.073046875 0.48472187499999997 0.09375 0.12847187500000007
2 0.07109375 0.5645828125 0.046875 0.12847187500000007
1 0.55 0.1046875 0.040625 0.025
1 0.6546875 0.09921875 0.03125 0.0390625
1 0.75625 0.25078125 0.0125 0.0484375