1 0.24296875 0.27421875 0.0140625 0.0765625
1 0.34140625 0.10078125 0.0265625 0.0328125
0 0.920703125 0.48472187499999997 0.08984375 0.12847187500000007
0 0.4939453125 0.37274296875 0.056640625 0.09201406250000002
0 0.3982421875 0.46996484375 0.076171875 0.12673593750000006
0 0.57890625 0.61319453125 0.10546875 0.18402656250000007
4 0.346484375 0.51770859375 0.02734375 0.013889062500000016
2 0.3005859375 0.63402734375 0.033203125 0.14236093750000006
4 0.3083984375 0.51944453125 0.041015625 0.010417187500000046
4 0.5134765625 0.5107640625000001 0.162109375 0.020834375000000006
2 0.86015625 0.5342015625000001 0.03515625 0.088540625