2 0.5623046875 0.5732640625000001 0.029296875 0.14583437500000002
2 0.37578125 0.59409765625 0.03515625 0.14583281250000005
2 0.6228515625 0.37361171875 0.017578125 0.07986093749999994
0 0.4568359375 0.40833359375 0.060546875 0.10763906250000002
0 0.5095703125 0.27465234374999997 0.037109375 0.0416671875
0 0.57109375 0.29635390624999997 0.02734375 0.008679687499999967
0 0.5701171875 0.3388890625 0.044921875 0.052084375
0 0.3923828125 0.25902812500000005 0.041015625 0.05902812499999999
2 0.5740234375 0.22170078124999998 0.025390625 0.032985937499999986
1 0.5486328125 0.1010421875 0.041015625 0.027778124999999997
1 0.7537109375 0.27378437499999997 0.017578125 0.07465312499999999
4 0.5521390625 0.51237421875 0.31296875 0.027760937499999992
0 0.4216796875 0.215625 0.029296875 0.041665625