4 0.684375 0.51944453125 0.0390625 0.010417187500000046
4 0.530078125 0.5177078125 0.26171875 0.034721875000000055
2 0.4373046875 0.75555546875 0.044921875 0.20486093749999998
2 0.7390625 0.79982578125 0.0390625 0.1892359374999999
2 0.41875 0.4248265625 0.0234375 0.09895937499999996
2 0.575 0.36493046875 0.015625 0.08333281249999995
0 0.46171875 0.35277812500000005 0.046875 0.08680625000000002
0 0.073046875 0.48558984375 0.09375 0.13020781250000005
0 0.5935546875 0.73472265625 0.134765625 0.26736093750000006
0 0.5154296875 0.2529515625 0.033203125 0.053818749999999985
0 0.5623046875 0.27638828125 0.037109375 0.045139062500000014
0 0.3640625 0.31892343749999996 0.0390625 0.036459375
0 0.3650390625 0.27986093749999996 0.041015625 0.03125
1 0.65625 0.10234375 0.028125 0.0453125
1 0.75546875 0.2703125 0.0109375 0.065625