1 0.65546875 0.103125 0.0328125 0.0375
1 0.55078125 0.10234375 0.0453125 0.0265625
1 0.7546875 0.27578125 0.0125 0.0640625
4 0.684375 0.51944453125 0.03515625 0.010417187500000046
4 0.6375 0.51770859375 0.046875 0.013889062500000016
4 0.4626953125 0.50902734375 0.126953125 0.017360937500000072
0 0.0740234375 0.48472187499999997 0.091796875 0.12847187500000007
0 0.455859375 0.29027734374999997 0.02734375 0.010417187500000003
0 0.4578125 0.33368046875 0.0390625 0.05555468750000001
0 0.5701171875 0.509028125 0.087890625 0.16319375000000003
2 0.4890625 0.42135468749999994 0.0234375 0.10590312499999999
2 0.635546875 0.3927078125 0.01953125 0.09027812499999999
2 0.6716796875 0.8232640625000001 0.041015625 0.19444375000000003
0 0.557421875 0.25034765625 0.03125 0.048610937499999986
0 0.5193359375 0.2286453125 0.029296875 0.046875
0 0.37578125 0.26597265625000005 0.04296875 0.0520828125