2 0.420703125 0.49340312500000005 0.05859375 0.11805624999999997
2 0.37578125 0.43611171875 0.0234375 0.10763906249999997
0 0.4490234375 0.31631953125 0.048828125 0.08333281249999999
0 0.5642578125 0.31458359375 0.037109375 0.017360937500000027
0 0.573046875 0.27725703125 0.05078125 0.032985937499999986
4 0.52073984375 0.5095984375 0.15252968750000004 0.020356249999999944
4 0.34080468750000004 0.51608359375 0.10615000000000001 0.01297031250000007
1 0.4451171875 0.09930625 0.041015625 0.03125
1 0.2390625 0.2763890625 0.01171875 0.06597187500000001
0 0.5525390625 0.22951328124999998 0.033203125 0.048610937499999986
2 0.4666015625 0.246875 0.009765625 0.04861250000000004