2 0.3533203125 0.962153125 0.037109375 0.06944374999999994
0 0.596484375 0.65399375 0.203125 0.4531250000000001
0 0.920703125 0.48645859374999995 0.09375 0.1319453125
0 0.9353515625 0.8328125 0.013671875 0.053818749999999936
0 0.9626953125 0.829340625 0.068359375 0.24131875000000003
4 0.39140625 0.51597265625 0.20703125 0.017360937500000072
0 0.4587890625 0.25555546875 0.037109375 0.05902656249999998
0 0.6208984375 0.27118046875 0.052734375 0.0416671875
0 0.5837890625 0.2217015625 0.037109375 0.04687500000000002
0 0.545703125 0.23298671875000002 0.03125 0.048610937499999986
1 0.44765625 0.10390625 0.0390625 0.0265625
1 0.3421875 0.10390625 0.03125 0.0390625
1 0.24140625 0.27421875 0.0109375 0.0765625