1 0.55078125 0.103125 0.0421875 0.03125
1 0.6546875 0.09921875 0.03125 0.0453125
1 0.75546875 0.2734375 0.0109375 0.075
0 0.4236328125 0.5489585937499999 0.158203125 0.3541671875
0 0.0740234375 0.48472187499999997 0.091796875 0.12847187500000007
2 0.635546875 0.73819453125 0.02734375 0.06597343749999993
0 0.53203125 0.24340312500000003 0.03515625 0.055556250000000015
0 0.3640625 0.27118046875 0.0390625 0.0416671875
0 0.405078125 0.2286453125 0.03515625 0.046875
0 0.4470703125 0.23472265625000005 0.037109375 0.0520828125
4 0.6853515625 0.51944453125 0.041015625 0.010417187500000046
4 0.580859375 0.51597265625 0.1640625 0.017360937500000072