1 0.44765625 0.103125 0.0421875 0.03125
1 0.34375 0.09921875 0.03125 0.0453125
1 0.24140625 0.2734375 0.0109375 0.075
0 0.5701171875 0.5489585937499999 0.158203125 0.3541671875
0 0.9197265625 0.48472187499999997 0.091796875 0.12847187500000007
2 0.358203125 0.73819453125 0.02734375 0.06597343749999993
0 0.46171875 0.24340312500000003 0.03515625 0.055556250000000015
0 0.6296875 0.27118046875 0.0390625 0.0416671875
0 0.588671875 0.2286453125 0.03515625 0.046875
0 0.5466796875 0.23472265625000005 0.037109375 0.0520828125
4 0.3083984375 0.51944453125 0.041015625 0.010417187500000046
4 0.412890625 0.51597265625 0.1640625 0.017360937500000072