2 0.362109375 0.56805546875 0.0234375 0.05208281249999995
2 0.311328125 0.88229140625 0.05859375 0.1944453125
0 0.54765625 0.45694453125 0.12890625 0.2743046875
0 0.920703125 0.48472187499999997 0.09375 0.12847187500000007
0 0.59453125 0.23645859375000003 0.0390625 0.055554687499999963
0 0.5466796875 0.23472265625000005 0.037109375 0.0520828125
0 0.465625 0.22951328124999998 0.03125 0.048610937499999986
2 0.4177734375 0.26944453125 0.013671875 0.05902656249999998
4 0.4333984375 0.5151046874999999 0.111328125 0.015625
1 0.44375 0.10390625 0.046875 0.0265625
1 0.340625 0.10390625 0.03125 0.0359375
1 0.24140625 0.27265625 0.0140625 0.0734375