0 0.471484375 0.28159687499999997 0.078125 0.03472187500000001
0 0.46953125 0.38229140625 0.0859375 0.14583281250000005
0 0.3650390625 0.8892359375 0.177734375 0.21527812500000004
2 0.6341140625 0.56611796875 0.03515625 0.13154218750000002
2 0.61796875 0.384028125 0.02734375 0.08680624999999997
0 0.4490234375 0.23645859375000003 0.037109375 0.04861093750000003
0 0.3845703125 0.25555546875 0.041015625 0.05902656249999998
2 0.5427734375 0.2546875 0.025390625 0.04340312500000003
2 0.5662109375 0.25555546875 0.009765625 0.024304687500000012
0 0.52421875 0.20868046875 0.02734375 0.04166718750000002
4 0.55266015625 0.51230234375 0.3119265625 0.027760937499999992
1 0.5486328125 0.1010421875 0.041015625 0.027778124999999997
1 0.752734375 0.28072890624999997 0.015625 0.06076406249999997