1 0.75625 0.27421875 0.0125 0.0765625
1 0.65546875 0.1015625 0.0328125 0.040625
1 0.5484375 0.1015625 0.04375 0.028125
0 0.3943359375 0.8032984375 0.154296875 0.30034687499999996
0 0.479296875 0.27118046875 0.078125 0.048610937499999986
0 0.4763671875 0.35972265624999994 0.076171875 0.10763906249999997
0 0.37578125 0.2625 0.04296875 0.052084375
0 0.073046875 0.48472187499999997 0.08984375 0.12847187500000007
0 0.4470703125 0.23472265625000005 0.037109375 0.0520828125
2 0.1130859375 0.5420140625000001 0.033203125 0.09027812500000003
2 0.623828125 0.48993046875 0.02734375 0.11111093749999998
2 0.6111328125 0.3510421875 0.021484375 0.0625
4 0.502734375 0.5142359375 0.20703125 0.027778125000000032