4 0.530078125 0.5185765625000001 0.26171875 0.036459375
0 0.4265625 0.6435765625000001 0.1171875 0.203125
0 0.36162109375 0.31284765625000005 0.0302734375 0.0208328125
0 0.3640625 0.27291640624999997 0.0390625 0.038195312500000037
0 0.073046875 0.48645859374999995 0.08984375 0.1319453125
0 0.4470703125 0.23472265625000005 0.033203125 0.0520828125
0 0.48515625 0.33802109375 0.0625 0.06423593750000003
0 0.487109375 0.2625 0.06640625 0.072915625
2 0.612109375 0.41875 0.0234375 0.09375
2 0.0427734375 0.64097265625 0.044921875 0.11458281250000005
1 0.5515625 0.10234375 0.04375 0.0234375
1 0.6578125 0.103125 0.03125 0.0375
1 0.75625 0.26953125 0.009375 0.0609375