0 0.5125 0.19479140625000002 0.03515625 0.06944531250000001
0 0.434375 0.4421875 0.0546875 0.140625
0 0.4626953125 0.24340234375 0.048828125 0.048610937499999986
0 0.4021484375 0.28680546875 0.033203125 0.010417187500000003
0 0.401171875 0.32847265625000005 0.0625 0.0520828125
0 0.073046875 0.48472187499999997 0.08984375 0.12847187500000007
2 0.1462890625 0.47430546875 0.029296875 0.07291718750000005
4 0.6853515625 0.51944453125 0.037109375 0.010417187500000046
4 0.56328125 0.51597265625 0.1953125 0.017360937500000072
1 0.5484375 0.1015625 0.04375 0.021875
1 0.6546875 0.0984375 0.028125 0.034375