2 0.5662109375 0.35451328125 0.017578125 0.07638906250000002
2 0.612109375 0.35798671875 0.015625 0.07638906250000002
0 0.50078125 0.555903125 0.09765625 0.19444375000000003
0 0.0740234375 0.48558984375 0.091796875 0.13020781250000005
0 0.3552734375 0.78680546875 0.205078125 0.4201390625
4 0.684375 0.51770859375 0.0390625 0.013889062500000016
4 0.4294921875 0.50729140625 0.060546875 0.013889062500000016
4 0.60234375 0.51597265625 0.1171875 0.017360937500000072
1 0.54921875 0.1046875 0.0421875 0.034375
1 0.65625 0.1 0.034375 0.040625
1 0.75625 0.27265625 0.0125 0.0796875