3 0.74375 0.178125 0.0125 0.06875
3 0.615625 0.06015625 0.01875 0.0234375
3 0.65625 0.06640625 0.03125 0.0203125
3 0.5734375 0.0515625 0.028125 0.03125
0 0.737109375 0.39986328125000004 0.10546875 0.20921093750000003
4 0.5681640625 0.33469921874999997 0.228515625 0.03429843749999999
2 0.6384765625 0.186365625 0.025390625 0.04287187499999998
2 0.3826171875 0.17693359375 0.025390625 0.03772656249999999
2 0.059375 0.48560546875000005 0.05078125 0.0857421875
2 0.4373046875 0.15892734375 0.017578125 0.03601093749999999
0 0.498828125 0.12205859375000001 0.01953125 0.030867187500000014