3 0.2546875 0.178125 0.0125 0.06875
3 0.38125 0.06015625 0.01875 0.0234375
3 0.3421875 0.06640625 0.03125 0.0203125
3 0.4234375 0.0515625 0.028125 0.03125
0 0.256640625 0.39986328125000004 0.10546875 0.20921093750000003
4 0.4255859375 0.33469921874999997 0.228515625 0.03429843749999999
2 0.3552734375 0.186365625 0.025390625 0.04287187499999998
2 0.6111328125 0.17693359375 0.025390625 0.03772656249999999
2 0.934375 0.48560546875000005 0.05078125 0.0857421875
2 0.5564453125 0.15892734375 0.017578125 0.03601093749999999
0 0.494921875 0.12205859375000001 0.01953125 0.030867187500000014