0 0.72734375 0.383571875 0.09765625 0.19720624999999997
2 0.3611328125 0.17693359375 0.025390625 0.03772656249999999
0 0.3962890625 0.1649296875 0.025390625 0.041156249999999985
0 0.4431640625 0.1606421875 0.029296875 0.04629999999999999
2 0.2087890625 0.29268515625 0.025390625 0.07030781250000002
2 0.6228515625 0.5807796875 0.044921875 0.15948124999999996
0 0.498828125 0.12205859375000001 0.01953125 0.030867187500000014
4 0.56164453125 0.33262265625 0.23374218750000003 0.03845156249999997
3 0.5734375 0.05546875 0.028125 0.0203125
3 0.61484375 0.059375 0.0171875 0.025
3 0.65625 0.0640625 0.028125 0.01875
3 0.7421875 0.17109375 0.009375 0.0671875