3 0.7421875 0.1734375 0.009375 0.06875
3 0.65703125 0.06875 0.0328125 0.021875
3 0.575 0.0546875 0.028125 0.01875
3 0.61484375 0.05859375 0.0171875 0.0203125
4 0.5662109375 0.33469921874999997 0.224609375 0.03429843749999999
2 0.1072265625 0.39043203125000003 0.033203125 0.07373906250000002
2 0.553515625 0.19065234375 0.02734375 0.04458593749999999
2 0.621875 0.47274374999999996 0.03515625 0.12861250000000002
0 0.498828125 0.12205859375000001 0.01953125 0.030867187500000014
0 0.3259765625 0.16235703125 0.068359375 0.042870312499999993
0 0.7283203125 0.383571875 0.099609375 0.19720624999999997
0 0.69462890625 0.17093125 0.0771484375 0.08745625000000001