4 0.428515625 0.33469921874999997 0.22265625 0.03429843749999999
2 0.3748046875 0.44359140625000004 0.033203125 0.1183234375
0 0.2654296875 0.383571875 0.099609375 0.19720624999999997
0 0.3142578125 0.16407265624999998 0.103515625 0.09431718749999998
2 0.3533203125 0.20865781249999998 0.029296875 0.03944062500000001
0 0.4958984375 0.1237734375 0.017578125 0.027437500000000004
0 0.698046875 0.16064296875 0.0546875 0.03944218750000002
2 0.9412109375 0.44616406249999996 0.037109375 0.07545312500000004
3 0.421875 0.05 0.03125 0.01875
3 0.38359375 0.05703125 0.0171875 0.0234375
3 0.3421875 0.06640625 0.025 0.0234375
3 0.25703125 0.17265625 0.0140625 0.0671875