2 0.6033203125 0.33555703125 0.025390625 0.08745781249999998
2 0.6501953125 0.21551796875 0.025390625 0.04630156249999999
0 0.47197265625 0.11519921875000001 0.0224609375 0.030867187500000004
0 0.498828125 0.12205859375000001 0.01953125 0.030867187500000014
0 0.596484375 0.1332046875 0.09375 0.08745624999999999
0 0.729296875 0.38185703125 0.09765625 0.20063593749999997
4 0.6345703125 0.34241640625 0.037109375 0.008573437499999993
4 0.522265625 0.32783984374999997 0.140625 0.02057968749999999
3 0.575 0.0515625 0.03125 0.021875
3 0.6140625 0.0609375 0.01875 0.028125
3 0.6578125 0.06328125 0.034375 0.0203125
3 0.74140625 0.17265625 0.0140625 0.0671875