3 0.74375 0.17421875 0.0125 0.0578125
0 0.576953125 0.1194859375 0.04296875 0.07373749999999998
3 0.57421875 0.053125 0.0328125 0.01875
3 0.6140625 0.05859375 0.01875 0.0234375
3 0.6546875 0.06328125 0.028125 0.0203125
2 0.60234375 0.323553125 0.0234375 0.08402812499999998
4 0.6326171875 0.341559375 0.037109375 0.013718750000000002
4 0.52177734375 0.32783984374999997 0.1357421875 0.02057968749999999
2 0.5017578125 0.22666406249999999 0.029296875 0.05487500000000001
0 0.7283203125 0.38185703125 0.099609375 0.20063593749999997
0 0.4568359375 0.1237734375 0.025390625 0.034296875000000004
0 0.4978515625 0.12205859375000001 0.021484375 0.030867187500000014
2 0.5720703125 0.17264609375 0.025390625 0.03601093749999999