3 0.74296875 0.17265625 0.0140625 0.0671875
3 0.65703125 0.06796875 0.0328125 0.0234375
0 0.575 0.09890859375000001 0.0234375 0.053160937500000005
3 0.57578125 0.05078125 0.0296875 0.0171875
3 0.61640625 0.06015625 0.0171875 0.0203125
2 0.60234375 0.32012343750000005 0.0234375 0.08402812499999998
0 0.72885703125 0.383571875 0.09853593749999998 0.19720624999999997
0 0.4958984375 0.12291640625 0.021484375 0.032582812500000016
0 0.4333984375 0.1349203125 0.021484375 0.0360125
4 0.6453125 0.34413125 0.06640625 0.015434374999999978
4 0.522265625 0.32783984374999997 0.13671875 0.02057968749999999
2 0.0740234375 0.5533421875 0.048828125 0.10460624999999997