0 0.5759765625 0.09376328125 0.021484375 0.049729687499999994
3 0.5734375 0.053125 0.03125 0.01875
3 0.61484375 0.0578125 0.0171875 0.025
3 0.65625 0.0671875 0.028125 0.021875
3 0.740625 0.17265625 0.0125 0.0703125
2 0.60234375 0.32183828124999997 0.0234375 0.0805984375
0 0.7283203125 0.38357265625000003 0.099609375 0.20406718750000002
0 0.4958984375 0.12463125000000001 0.021484375 0.029153125000000002
0 0.39384765625 0.14263671875 0.0322265625 0.03772656249999999
4 0.6453125 0.34413125 0.06640625 0.015434374999999978
4 0.52177734375 0.32783984374999997 0.1357421875 0.02057968749999999