0 0.7283203125 0.38357265625000003 0.099609375 0.20406718750000002
2 0.6052734375 0.30297421875 0.021484375 0.0771671875
0 0.4958984375 0.12548828125 0.021484375 0.030867187499999994
0 0.32109375 0.15378359375 0.05859375 0.03944218750000002
0 0.5798828125 0.0851890625 0.017578125 0.03944062499999999
4 0.6453125 0.3449890625 0.06640625 0.013718750000000002
4 0.5271484375 0.32783984374999997 0.146484375 0.02057968749999999
3 0.575 0.05 0.03125 0.01875
3 0.61484375 0.05859375 0.0171875 0.0234375
3 0.65625 0.06640625 0.03125 0.0203125
3 0.73984375 0.17109375 0.0109375 0.0671875