2 0.463671875 0.2755375 0.01953125 0.07030937499999998
2 0.6169921875 0.21551796875 0.013671875 0.04630156249999999
4 0.5611796874999999 0.33180624999999997 0.234671875 0.04008437499999999
0 0.280078125 0.8397203125000001 0.25390625 0.30009687500000004
0 0.4958984375 0.14349375 0.029296875 0.039440624999999986
0 0.725390625 0.38357265625000003 0.10546875 0.20406718750000002
0 0.50078125 0.113484375 0.0234375 0.034296875000000004
1 0.5765625 0.053125 0.03125 0.021875
1 0.6140625 0.059375 0.015625 0.025
1 0.6578125 0.06640625 0.028125 0.0265625
1 0.740625 0.17265625 0.0125 0.0703125