1 0.74375 0.17578125 0.015625 0.0671875
1 0.61640625 0.05859375 0.0171875 0.0296875
1 0.6546875 0.06484375 0.028125 0.0234375
1 0.57265625 0.05390625 0.0328125 0.0234375
4 0.6443359375 0.3449890625 0.068359375 0.013718750000000002
4 0.51960625 0.324946875 0.14594374999999998 0.026365624999999993
2 0.600390625 0.37156796875 0.02734375 0.09774531249999999
2 0.62578125 0.49846640625000005 0.03125 0.13204218750000002
0 0.545703125 0.18293593749999998 0.03515625 0.056590624999999985
0 0.4958984375 0.14006484375 0.029296875 0.05316093750000002
0 0.7283203125 0.381 0.099609375 0.198921875