2 0.369921875 0.42815859375 0.02734375 0.11489531250000003
4 0.3474609375 0.3449890625 0.064453125 0.013718750000000002
4 0.47823593750000004 0.32658046875 0.142409375 0.02309843749999998
2 0.393359375 0.32698203125 0.0234375 0.08402656250000003
0 0.444140625 0.17264609375 0.03125 0.049729687499999994
0 0.4958984375 0.14520859375 0.029296875 0.049729687499999994
0 0.2654296875 0.381 0.099609375 0.198921875
1 0.425 0.053125 0.028125 0.025
1 0.38359375 0.059375 0.0171875 0.028125
1 0.34296875 0.0671875 0.0296875 0.028125
1 0.25625 0.1734375 0.015625 0.071875