1 0.25546875 0.175 0.0140625 0.065625
1 0.34140625 0.065625 0.0296875 0.021875
1 0.3828125 0.059375 0.01875 0.025
1 0.42265625 0.053125 0.0359375 0.01875
0 0.4607421875 0.1657875 0.056640625 0.056590624999999985
0 0.2673828125 0.38271484375 0.107421875 0.2023515625
2 0.3455078125 0.2789671875 0.017578125 0.06344999999999996
2 0.3923828125 0.2403828125 0.017578125 0.05487500000000001
0 0.428515625 0.13148984375 0.0234375 0.03601093750000002
2 0.6306640625 0.6622343749999999 0.044921875 0.17834374999999997
4 0.428515625 0.33469921874999997 0.22265625 0.03429843749999999