1 0.5734375 0.05 0.03125 0.025
1 0.61328125 0.0609375 0.0203125 0.025
1 0.65234375 0.06484375 0.0328125 0.0171875
1 0.74140625 0.17578125 0.0171875 0.0734375
2 0.54375 0.29783046874999997 0.01953125 0.07373906250000002
2 0.4734375 0.26181875 0.015625 0.07030937499999998
2 0.5955078125 0.195796875 0.013671875 0.041156249999999985
0 0.684375 0.20694296875 0.0625 0.049729687499999994
0 0.729296875 0.38357265625000003 0.1015625 0.20406718750000002
4 0.496875 0.324409375 0.0859375 0.013718750000000002
4 0.6150390625 0.33984375 0.123046875 0.02400937499999998