4 0.43308203125 0.33262265625 0.23178906250000003 0.03845156249999997
0 0.5408203125 0.41186718750000006 0.103515625 0.15776562499999996
0 0.2634765625 0.38357265625000003 0.103515625 0.20406718750000002
2 0.389453125 0.438446875 0.03125 0.12175312499999999
2 0.9607421875 0.49675156249999997 0.017578125 0.06001875000000005
2 0.9822265625 0.51733046875 0.021484375 0.07373906249999998
2 0.5388671875 0.19665468749999998 0.013671875 0.049731250000000005
1 0.42421875 0.05390625 0.0328125 0.0265625
1 0.38046875 0.0609375 0.0171875 0.028125
1 0.33984375 0.0671875 0.0296875 0.03125
1 0.25546875 0.1734375 0.0171875 0.06875