4 0.5408203125 0.328696875 0.177734375 0.032581250000000006
0 0.4314453125 0.46245546875 0.103515625 0.16291093750000002
0 0.7302734375 0.38357265625000003 0.103515625 0.20406718750000002
0 0.3318359375 0.16750156249999998 0.060546875 0.04629999999999999
2 0.4783203125 0.2703921875 0.017578125 0.06687812499999998
2 0.6423828125 0.37757031249999995 0.025390625 0.09603125000000001
2 0.5466796875 0.1606421875 0.013671875 0.032581249999999985
2 0.0169921875 0.529334375 0.033984375 0.09088750000000001
2 0.600390625 0.17950546875 0.01171875 0.03601093749999999
5 0.57421875 0.05390625 0.0359375 0.0234375
5 0.61328125 0.0578125 0.0203125 0.028125
5 0.6546875 0.065625 0.028125 0.025
5 0.740625 0.16953125 0.0125 0.0609375