3 0.575 0.05546875 0.03125 0.0203125
3 0.61640625 0.05859375 0.0171875 0.0265625
3 0.6578125 0.06953125 0.028125 0.0171875
3 0.740625 0.1765625 0.009375 0.071875
4 0.6521484375 0.3449890625 0.052734375 0.013718750000000002
0 0.72734375 0.38357265625000003 0.109375 0.20406718750000002
0 0.545703125 0.42987265625 0.15625 0.3172453125
0 0.48125 0.3269828125 0.0703125 0.10460625000000001
2 0.3328125 0.26181875 0.0234375 0.06345
2 0.6306640625 0.20865781249999998 0.029296875 0.04630000000000001
0 0.5037109375 0.11605703125 0.021484375 0.0325828125