1 0.3203125 0.1015625 0.0125 0.059375
4 0.39921875 0.30546875 0.1828125 0.0140625
0 0.6033203125 0.5732640625000001 0.126953125 0.3125
0 0.1375 0.40399296875 0.08984375 0.1822921875
0 0.502734375 0.052430468749999994 0.03125 0.04861093749999999
2 0.8435546875 0.67743046875 0.064453125 0.21527656250000007
2 0.6033203125 0.19131953125 0.017578125 0.07638906250000002
2 0.57109375 0.13489609375 0.015625 0.06770781249999999
2 0.3767578125 0.2208328125 0.021484375 0.09375
2 0.1013671875 0.559375 0.064453125 0.125
2 0.0671875 0.60104140625 0.08984375 0.1180546875