2 0.57109375 0.09930546874999999 0.01171875 0.052082812499999985
2 0.6892578125 0.73993046875 0.060546875 0.23611093749999998
2 0.3875 0.3171875 0.03125 0.140625
2 0.1501953125 0.6791671874999999 0.064453125 0.21875
2 0.89140625 0.559375 0.0625 0.125
2 0.924609375 0.60104140625 0.0859375 0.1180546875
2 0.3103515625 0.27986093749999996 0.044921875 0.06597187500000001
0 0.4646484375 0.08368125 0.037109375 0.0625
0 0.85625 0.403125 0.08984375 0.18055625000000003
1 0.67578125 0.0984375 0.0140625 0.059375
4 0.596875 0.30078125 0.178125 0.0109375