4 0.3984375 0.303125 0.16875 0.009375
1 0.32109375 0.10390625 0.0109375 0.0703125
2 0.3455078125 0.47430546875 0.041015625 0.17013906250000002
2 0.10234375 0.559375 0.0625 0.125
2 0.07109375 0.60191015625 0.08203125 0.11979218749999995
2 0.6267578125 0.40486093749999996 0.037109375 0.17708437500000004
2 0.8435546875 0.6791671874999999 0.064453125 0.21875
2 0.6931640625 0.27291640624999997 0.044921875 0.08680468749999996
0 0.5330078125 0.09149296875 0.037109375 0.0642359375
0 0.1375 0.40486093749999996 0.08984375 0.184028125
2 0.428515625 0.08368046875 0.01171875 0.04861093750000001