1 0.67363359375 0.09756953125000001 0.012120312500000008 0.0694453125
4 0.59307890625 0.30112265625 0.17706718750000006 0.010592187499999994
0 0.8572265625 0.39965312500000005 0.091796875 0.19444374999999997
2 0.89140625 0.559375 0.0625 0.125
2 0.9255859375 0.5767359375 0.091796875 0.16666562499999998
2 0.151171875 0.67743046875 0.06640625 0.21527656250000007
2 0.3318359375 0.55763828125 0.048828125 0.23263906250000002
2 0.2810546875 0.278125 0.052734375 0.104165625
2 0.621875 0.33194453125 0.03125 0.1284734375
2 0.748828125 0.65659765625 0.05078125 0.20833281250000005
0 0.455859375 0.10277812499999998 0.0390625 0.06597187499999999