0 0.5369140625 0.07673671875 0.064453125 0.04861093750000001
2 0.420703125 0.13663203125 0.0390625 0.0642359375
0 0.424609375 0.08541640625 0.0703125 0.04513906250000001
0 0.1365234375 0.40486093749999996 0.091796875 0.184028125
2 0.678515625 0.8006945312499999 0.078125 0.27430468750000003
2 0.8435546875 0.67829921875 0.064453125 0.21701406250000002
2 0.5984375 0.1375 0.03515625 0.052084375
2 0.350390625 0.13055546875 0.03515625 0.0520828125
2 0.10234375 0.559375 0.0625 0.125
2 0.0681640625 0.60451328125 0.091796875 0.11111093749999998
4 0.39921875 0.29921875 0.1796875 0.0109375
3 0.32109375 0.09921875 0.0109375 0.0609375