0 0.4568359375 0.07673671875 0.064453125 0.04861093750000001
2 0.573046875 0.13663203125 0.0390625 0.0642359375
0 0.569140625 0.08541640625 0.0703125 0.04513906250000001
0 0.8572265625 0.40486093749999996 0.091796875 0.184028125
2 0.315234375 0.8006945312499999 0.078125 0.27430468750000003
2 0.1501953125 0.67829921875 0.064453125 0.21701406250000002
2 0.3953125 0.1375 0.03515625 0.052084375
2 0.643359375 0.13055546875 0.03515625 0.0520828125
2 0.89140625 0.559375 0.0625 0.125
2 0.9255859375 0.60451328125 0.091796875 0.11111093749999998
4 0.59921875 0.29921875 0.1796875 0.0109375
3 0.67734375 0.09921875 0.0109375 0.0609375