3 0.55078125 0.103125 0.0390625 0.025
3 0.65703125 0.1015625 0.0296875 0.0375
3 0.75546875 0.26640625 0.0140625 0.0484375
2 0.397265625 0.49340312500000005 0.0234375 0.125
4 0.4294921875 0.50902734375 0.041015625 0.013889062499999928
4 0.559375 0.51423671875 0.06640625 0.013889062500000016
4 0.66223828125 0.5183796875000001 0.06132343750000002 0.01919999999999993
2 0.6150390625 0.50816015625 0.044921875 0.11979218749999995
2 0.705859375 0.5211812499999999 0.03515625 0.125
2 0.6833984375 0.6348953125 0.044921875 0.14409687500000007
0 0.4822265625 0.562846875 0.091796875 0.15972187500000007
0 0.5896484375 0.20434062500000003 0.025390625 0.039931250000000015
0 0.6794921875 0.23472187499999997 0.048828125 0.05902812499999999
0 0.432421875 0.19566015625 0.0234375 0.03645781250000002
0 0.073046875 0.48472187499999997 0.08984375 0.12847187500000007
0 0.0779296875 0.40052031250000003 0.021484375 0.05034687500000001
0 0.0583984375 0.41006953125 0.017578125 0.06944531249999994
0 0.026171875 0.42743046875 0.03515625 0.09027656250000002