4 0.56796875 0.3 0.1203125 0.025
1 0.678125 0.09375 0.009375 0.08125
2 0.6453125 0.5177085937499999 0.0390625 0.1805546875
2 0.4236328125 0.18263828124999998 0.017578125 0.07986093749999998
2 0.4109375 0.10451328124999999 0.01171875 0.04861093750000001
2 0.5818359375 0.121875 0.013671875 0.0625
2 0.487109375 0.10625 0.015625 0.052084375
0 0.8572265625 0.40486093749999996 0.091796875 0.184028125
0 0.50078125 0.023784375000000003 0.0234375 0.03993125
0 0.5388671875 0.035069531249999994 0.021484375 0.034723437499999996
2 0.89140625 0.559375 0.0625 0.125