2 0.4451171875 0.0880203125 0.013671875 0.050346875
0 0.496875 0.035069531249999994 0.0234375 0.041667187499999994
0 0.8572265625 0.40486093749999996 0.091796875 0.184028125
2 0.3767578125 0.40399296875 0.029296875 0.10590156250000002
2 0.39921875 0.16527734375 0.01953125 0.07291718749999998
2 0.590625 0.43958359375 0.046875 0.17013906250000002
2 0.61796875 0.29548593749999996 0.0234375 0.11805625000000002
2 0.6111328125 0.13055546875 0.037109375 0.03819531250000001
2 0.89140625 0.559375 0.0625 0.125
1 0.6765625 0.1 0.01875 0.0625
4 0.55859375 0.3015625 0.1015625 0.009375
4 0.66484375 0.30234375 0.0578125 0.0109375