2 0.596484375 0.4951390625 0.0234375 0.12152812500000003
4 0.56540703125 0.50997890625 0.04329218749999999 0.01694218750000003
4 0.43689140625 0.5133515625 0.07799218749999999 0.016549999999999974
3 0.446875 0.10234375 0.0375 0.0234375
3 0.34140625 0.10546875 0.0328125 0.0296875
3 0.23984375 0.26875 0.0109375 0.046875
2 0.377734375 0.50816015625 0.04296875 0.11979218749999995
2 0.3201171875 0.5984375 0.021484375 0.05729062500000008
2 0.283984375 0.5567710937499999 0.0234375 0.05729218749999996
0 0.5115234375 0.562846875 0.091796875 0.15972187500000007
0 0.561328125 0.19566015625 0.0234375 0.03645781250000002
0 0.4041015625 0.2060765625 0.025390625 0.03645937500000003
0 0.3142578125 0.23645859375000003 0.048828125 0.055554687499999963
0 0.9197265625 0.48558984375 0.091796875 0.13020781250000005
0 0.916796875 0.398784375 0.01953125 0.053818750000000026
0 0.936328125 0.40659687499999997 0.015625 0.06944375000000003
0 0.967578125 0.42222265625000005 0.03515625 0.07986093750000003