4 0.4484375 0.3 0.06875 0.015625
2 0.3787109375 0.26336796875 0.021484375 0.1024296875
4 0.3390625 0.3046875 0.05625 0.015625
2 0.342578125 0.12534687500000002 0.03515625 0.055556249999999995
1 0.32109375 0.09921875 0.0109375 0.0734375
2 0.4119140625 0.35625 0.029296875 0.1423625
2 0.596484375 0.18784765625 0.01953125 0.0763890625
2 0.5642578125 0.09930546874999999 0.037109375 0.052082812499999985
2 0.6443359375 0.48645781250000003 0.037109375 0.18750000000000006
2 0.10234375 0.559375 0.0625 0.125
0 0.496875 0.034201562500000005 0.0234375 0.03993125