0 0.920703125 0.48645859374999995 0.08984375 0.1319453125
0 0.9158203125 0.398784375 0.021484375 0.053818750000000026
0 0.9353515625 0.40833359374999995 0.017578125 0.07291718749999995
0 0.967578125 0.42743046875 0.03515625 0.09027656250000002
0 0.561328125 0.19566015625 0.0234375 0.03645781250000002
0 0.4041015625 0.20434062500000003 0.025390625 0.039931250000000015
0 0.3142578125 0.23472187499999997 0.048828125 0.05902812499999999
0 0.5115234375 0.56371484375 0.091796875 0.16145781250000005
2 0.596484375 0.49340312500000005 0.0234375 0.125
2 0.3787109375 0.50816015625 0.044921875 0.11979218749999995
2 0.2869140625 0.5211812499999999 0.037109375 0.125
2 0.3201171875 0.5984375 0.025390625 0.05729062500000008
2 0.123828125 0.5897570312499999 0.015625 0.05382031249999999
2 0.14921875 0.58541640625 0.03515625 0.03819531249999999
2 0.1716796875 0.55763828125 0.037109375 0.07986093749999998
4 0.565234375 0.50902734375 0.0390625 0.013889062499999928
4 0.4333984375 0.51423671875 0.064453125 0.013889062500000016
4 0.342578125 0.51770859375 0.02734375 0.013889062500000016
3 0.3396484375 0.10017343749999999 0.033203125 0.039931249999999995
3 0.24140625 0.271875 0.0171875 0.06875