3 0.24140625 0.2671875 0.0140625 0.071875
3 0.34140625 0.10234375 0.0359375 0.0359375
2 0.123828125 0.590625 0.015625 0.055556250000000064
2 0.151171875 0.5845484375 0.03125 0.036459375
2 0.170703125 0.55416640625 0.0390625 0.0868046875
2 0.2869140625 0.5229171875 0.037109375 0.12152812499999995
2 0.3181640625 0.5984375 0.021484375 0.05729062500000008
2 0.3787109375 0.50816015625 0.044921875 0.11979218749999995
2 0.596484375 0.49166718750000005 0.0234375 0.12847187500000007
0 0.920703125 0.48645859374999995 0.08984375 0.1319453125
0 0.9158203125 0.40052031250000003 0.021484375 0.05034687500000001
0 0.9353515625 0.40746562500000005 0.017578125 0.07118124999999997
0 0.9685546875 0.4248265625 0.033203125 0.08506874999999998
0 0.561328125 0.19566015625 0.0234375 0.03645781250000002
0 0.315234375 0.23472187499999997 0.05078125 0.05902812499999999
0 0.4041015625 0.2060765625 0.025390625 0.03645937500000003
0 0.510546875 0.562846875 0.08984375 0.15972187500000007
4 0.4333984375 0.51423671875 0.064453125 0.013889062500000016
4 0.5642578125 0.50729140625 0.041015625 0.017360937499999986
4 0.3416015625 0.5185765625000001 0.029296875 0.015625