2 0.596484375 0.49166718750000005 0.0234375 0.12847187500000007
4 0.5642578125 0.50902734375 0.041015625 0.013889062499999928
4 0.432421875 0.51423671875 0.0625 0.013889062500000016
2 0.3787109375 0.509028125 0.041015625 0.12152812499999995
4 0.342578125 0.51770859375 0.02734375 0.013889062500000016
2 0.3181640625 0.5984375 0.021484375 0.05729062500000008
2 0.287890625 0.5229171875 0.0390625 0.12152812499999995
2 0.123828125 0.590625 0.015625 0.055556250000000064
2 0.1501953125 0.5828125 0.029296875 0.039931250000000064
2 0.17265625 0.559375 0.03515625 0.07638750000000005
0 0.5115234375 0.562846875 0.091796875 0.15972187500000007
0 0.9197265625 0.48472187499999997 0.091796875 0.12847187500000007
0 0.936328125 0.40486093749999996 0.015625 0.06597187499999997
0 0.9158203125 0.39704843749999996 0.021484375 0.05729062500000004
0 0.9685546875 0.42048671875 0.033203125 0.07638906249999997
0 0.561328125 0.19566015625 0.0234375 0.03645781250000002
0 0.315234375 0.23472187499999997 0.05078125 0.05902812499999999
0 0.4041015625 0.2060765625 0.025390625 0.03645937500000003
3 0.4453125 0.103125 0.034375 0.025
3 0.3421875 0.1 0.034375 0.034375
3 0.24140625 0.2640625 0.0140625 0.059375