1 0.6578125 0.10546875 0.028125 0.0328125
1 0.75703125 0.27890625 0.0140625 0.0734375
0 0.4666015625 0.4447914062500001 0.087890625 0.1180546875
0 0.4080078125 0.22951328124999998 0.033203125 0.048610937499999986
0 0.073046875 0.48472187499999997 0.09375 0.12847187500000007
0 0.434375 0.19479140625 0.02734375 0.0416671875
2 0.6189453125 0.4109375 0.025390625 0.08506874999999998
2 0.381640625 0.61319453125 0.02734375 0.07291718750000005
2 0.401171875 0.49166718749999994 0.0234375 0.09375
2 0.604296875 0.60191015625 0.04296875 0.15451406249999994
2 0.698046875 0.5142359375 0.0390625 0.11805624999999997
2 0.1697265625 0.4326390625 0.021484375 0.10069374999999998
4 0.434375 0.50902734375 0.04296875 0.010417187499999958
4 0.5828125 0.51597265625 0.15625 0.017360937500000072