1 0.75390625 0.271875 0.0140625 0.0625
1 0.65703125 0.1 0.0359375 0.04375
0 0.575 0.56805546875 0.1015625 0.18402656250000007
0 0.0720703125 0.48472187499999997 0.091796875 0.12847187500000007
2 0.4236328125 0.38142343749999996 0.017578125 0.08159687499999997
0 0.459765625 0.33715312500000005 0.04296875 0.06944374999999998
4 0.6365234375 0.51770859375 0.044921875 0.013889062500000016
2 0.6658203125 0.47604140624999997 0.025390625 0.11111093749999998
2 0.4744140625 0.49774296875000007 0.029296875 0.1336796875
4 0.6892578125 0.5177085937499999 0.021484375 0.00694531249999999
4 0.5076171875 0.51076328125 0.037109375 0.013889062500000016
4 0.4294921875 0.50729140625 0.060546875 0.013889062500000016
0 0.518359375 0.23819453125 0.03125 0.045139062500000014
0 0.5583984375 0.26163203125 0.033203125 0.05034843750000002