0 0.4587890625 0.41527812500000005 0.107421875 0.21875000000000006
2 0.623828125 0.45647656249999996 0.03515625 0.11364687500000001
2 0.65703125 0.7052085937499999 0.046875 0.16666718749999995
4 0.60079609375 0.51515078125 0.21148906249999994 0.020357812499999996
2 0.54765625 0.27118046875 0.02734375 0.048610937499999986
0 0.393359375 0.24340312500000003 0.0390625 0.055556250000000015
0 0.4470703125 0.23645859375000003 0.037109375 0.04861093750000003
0 0.5271484375 0.21909765625 0.029296875 0.048610937499999986
1 0.54765625 0.09930625 0.04296875 0.03125
1 0.7546875 0.278125 0.01171875 0.055556249999999974
2 0.569140625 0.25381875 0.015625 0.0625