3 0.4234375 0.05546875 0.03125 0.0203125
3 0.38203125 0.05859375 0.0171875 0.0265625
3 0.3390625 0.06953125 0.028125 0.0171875
3 0.25625 0.1765625 0.009375 0.071875
4 0.3416015625 0.3449890625 0.052734375 0.013718750000000002
0 0.26640625 0.38357265625000003 0.109375 0.20406718750000002
0 0.448046875 0.42987265625 0.15625 0.3172453125
0 0.5125 0.3269828125 0.0703125 0.10460625000000001
2 0.6609375 0.26181875 0.0234375 0.06345
2 0.3630859375 0.20865781249999998 0.029296875 0.04630000000000001
0 0.4900390625 0.11605703125 0.021484375 0.0325828125