3 0.67578125 0.0984375 0.0140625 0.05
4 0.59296875 0.3 0.1828125 0.009375
2 0.36015625 0.53854140625 0.05078125 0.20138906250000002
2 0.1501953125 0.6791671874999999 0.064453125 0.21875
2 0.3416015625 0.14444453125 0.033203125 0.0520828125
2 0.514453125 0.14010390625 0.0390625 0.0572921875
2 0.5701171875 0.13229140625 0.037109375 0.048610937499999986
2 0.89140625 0.559375 0.0625 0.125
2 0.920703125 0.59930546875 0.078125 0.12152656250000007
0 0.85625 0.40486093749999996 0.08984375 0.184028125
0 0.5330078125 0.07152734375 0.064453125 0.04513906250000001
0 0.608203125 0.08715234375 0.0703125 0.04861093749999999