3 0.56221875 0.03958984375 0.04230625000000003 0.0326078125
3 0.76601171875 0.23679609375 0.013832812499999925 0.05123906250000001
3 0.7572929687500001 0.38275312499999997 0.006595312500000006 0.02949999999999999
4 0.5652734374999999 0.48015703125 0.3081062500000001 0.02531093749999993
0 0.39365390625 0.7614804687500001 0.14237031250000004 0.29782656250000006
0 0.64991796875 0.8478937500000001 0.16856406249999994 0.29891249999999997
2 0.42440546875 0.4712640625000001 0.026195312499999977 0.08695624999999998
2 0.47138749999999996 0.49735078124999993 0.029043750000000035 0.07391406250000002
2 0.57417734375 0.5951765625000001 0.026195312499999977 0.07391249999999996
2 0.62998671875 0.57778515625 0.023917187500000027 0.07826093750000007
2 0.6840867187499999 0.57180703125 0.02961406249999996 0.09673906250000001