1 0.56221875 0.03958984375 0.04230625000000003 0.0326078125
1 0.76601171875 0.23447031249999997 0.013832812499999925 0.055903124999999984
1 0.75825546875 0.378078125 0.006595312500000006 0.02949999999999999
4 0.5652734374999999 0.48015703125 0.3081062500000001 0.02531093749999993
0 0.40589765624999996 0.73376328125 0.13268906250000004 0.25760781250000003
0 0.47651249999999995 0.40405234375 0.08143437499999999 0.1387703125
0 0.6066382812500001 0.16202421875 0.02847343750000002 0.0423921875
2 0.59211640625 0.55658984375 0.02676406250000003 0.0663046875
2 0.67639921875 0.5402851562500001 0.023348437500000062 0.05760781249999995
2 0.6214445312500001 0.429415625 0.015945312499999975 0.055434375000000015
2 0.58328984375 0.3734375 0.015945312500000065 0.056521874999999965
2 0.5568085937499999 0.20767656250000002 0.010820312500000017 0.029346874999999994