1 0.56221875 0.03958984375 0.04230625000000003 0.0326078125
1 0.76601171875 0.23447031249999997 0.013832812499999925 0.055903124999999984
1 0.75825546875 0.378078125 0.006595312500000006 0.02949999999999999
4 0.5652734374999999 0.48015703125 0.3081062500000001 0.02531093749999993
0 0.5861367187500001 0.57235078125 0.1116171875 0.24565156249999998
0 0.46483828124999993 0.46256796875 0.07744843749999993 0.15217343749999995
0 0.50726484375 0.25713359375 0.05068281250000002 0.07826093750000003
0 0.60606875 0.16148046875 0.027334374999999956 0.041304687500000006
2 0.6222984374999999 0.32452421875 0.014237500000000037 0.034782812499999996
2 0.57019140625 0.29680703125 0.015945312499999975 0.03587031249999999
2 0.601228125 0.27832890624999995 0.01309687499999992 0.02934843749999998