0 0.5271484375 0.13055624999999998 0.013671875 0.03125
3 0.55234375 0.10390625 0.0390625 0.0234375
3 0.65625 0.103125 0.034375 0.0375
3 0.75546875 0.26796875 0.0109375 0.0640625
4 0.42290078124999997 0.5059414062500001 0.06013281250000002 0.0165453125
4 0.6059765625 0.5152046875 0.1750375 0.027665625000000027
2 0.709765625 0.524653125 0.02734375 0.125
2 0.842578125 0.5845484375 0.03125 0.036459375
2 0.8220703125 0.55416640625 0.037109375 0.0868046875
2 0.8474609375 0.5263890625000001 0.017578125 0.03125
2 0.8171875 0.50555546875 0.04296875 0.045139062500000014
2 0.869921875 0.590625 0.015625 0.055556250000000064
2 0.3435546875 0.66267421875 0.033203125 0.15798593749999998
0 0.4822265625 0.562846875 0.091796875 0.15972187500000007
0 0.0740234375 0.48558984375 0.091796875 0.13020781250000005
0 0.0681640625 0.40486093749999996 0.037109375 0.07291562500000004
0 0.026171875 0.42048593749999996 0.03515625 0.08333437500000004
0 0.4353515625 0.18871484375 0.021484375 0.03645781249999998
0 0.58671875 0.20173671875000002 0.03125 0.04861093750000001
0 0.6775390625 0.23472187499999997 0.048828125 0.05902812499999999