0 0.920703125 0.48472187499999997 0.09375 0.12847187500000007
0 0.924609375 0.4057289062500001 0.0390625 0.06770781250000005
0 0.967578125 0.42135468749999994 0.03515625 0.07812499999999996
0 0.405078125 0.2026046875 0.02734375 0.04340312500000001
0 0.315234375 0.23472187499999997 0.05078125 0.05902812499999999
0 0.5115234375 0.562846875 0.091796875 0.15972187500000007
2 0.596484375 0.4951390625 0.0234375 0.12152812500000003
2 0.3787109375 0.509028125 0.044921875 0.12152812499999995
2 0.3181640625 0.602778125 0.021484375 0.059028124999999945
2 0.283984375 0.524653125 0.02734375 0.125
0 0.561328125 0.19566015625 0.0234375 0.03645781250000002
4 0.56384453125 0.5054117187499999 0.04016718749999999 0.015485937500000001
4 0.43659374999999995 0.5154687499999999 0.07858749999999999 0.020784374999999945
4 0.34328515625 0.51639453125 0.03128593749999999 0.01893281249999994
3 0.446875 0.10703125 0.040625 0.0296875
3 0.3390625 0.10078125 0.03125 0.0390625
3 0.23984375 0.26171875 0.0140625 0.0546875