0 0.5623046875 0.1982640625 0.025390625 0.03472187499999999
0 0.4041015625 0.20434062500000003 0.025390625 0.039931250000000015
0 0.315234375 0.23472187499999997 0.05078125 0.05902812499999999
0 0.9197265625 0.48385390624999997 0.091796875 0.12673593749999998
0 0.5095703125 0.54288203125 0.087890625 0.15451406250000002
2 0.5974609375 0.49166718750000005 0.025390625 0.12847187500000007
2 0.3826171875 0.4873265625 0.041015625 0.11284687499999997
2 0.3220703125 0.58194453125 0.025390625 0.05902656250000007
2 0.28203125 0.559375 0.0234375 0.055556250000000064
3 0.44765625 0.09921875 0.0453125 0.0265625
3 0.24140625 0.28046875 0.0109375 0.0546875
4 0.56484375 0.50859375 0.0421875 0.0234375
4 0.436328125 0.51423671875 0.06640625 0.013889062500000016
4 0.3474609375 0.51770859375 0.029296875 0.013889062500000016