0 0.424609375 0.2078125 0.02734375 0.039931249999999995
0 0.58671875 0.20347265625 0.02734375 0.04513906249999999
0 0.0740234375 0.48472187499999997 0.091796875 0.12847187500000007
0 0.48125 0.48125 0.07421875 0.12847187499999996
1 0.55078125 0.10234375 0.0421875 0.0234375
1 0.65625 0.10234375 0.03125 0.0359375
1 0.75625 0.26484375 0.0125 0.0609375
2 0.3982421875 0.49340234375 0.025390625 0.11111093750000008
2 0.3376953125 0.6982640625000001 0.041015625 0.18055624999999997
2 0.619921875 0.8501734375 0.0625 0.2135406249999999
2 0.5916015625 0.37013828125000003 0.029296875 0.07986093750000003
2 0.64921875 0.48125 0.03125 0.07986249999999995
2 0.709765625 0.53506953125 0.02734375 0.09722343749999993
4 0.4294921875 0.508159375 0.037109375 0.012153124999999942
4 0.5798828125 0.5151046874999999 0.103515625 0.015625