1 0.5487695312499999 0.09750390625000001 0.03541093750000002 0.0296109375
1 0.7544640625 0.27054296874999995 0.01145625000000008 0.07217656250000001
4 0.42951796875000003 0.5065062499999999 0.03853593750000002 0.012956250000000048
4 0.5957945312499999 0.5148343750000001 0.1402859375 0.01665625000000004
2 0.397265625 0.49166718750000005 0.0234375 0.12847187500000007
0 0.47859999999999997 0.46972031249999996 0.07811250000000003 0.13602499999999998
2 0.5857453125000001 0.3492578125 0.037109375 0.09215
2 0.6362687499999999 0.46062734375 0.033203125 0.12877031249999998
2 0.7068359375 0.524653125 0.037109375 0.11805624999999997
2 0.3552734375 0.6427085937499999 0.037109375 0.16666718749999995
2 0.6130859375 0.743403125 0.056640625 0.19444375000000003