4 0.4333984375 0.5142359375 0.287109375 0.020834375000000006
2 0.37578125 0.45520859375 0.02734375 0.11111093750000003
2 0.3357421875 0.4717015625 0.017578125 0.019096874999999968
2 0.35625 0.41875 0.0234375 0.08680625000000002
2 0.50078125 0.34409765625 0.01953125 0.07638906250000002
2 0.4265625 0.26597187499999997 0.015625 0.05902812499999999
2 0.58671875 0.46215234375 0.0234375 0.11111093750000008
0 0.575 0.41354140624999997 0.1171875 0.10416718750000001
0 0.9197265625 0.48472187499999997 0.091796875 0.12847187500000007
0 0.9763671875 0.8883679687499999 0.041015625 0.19270781249999996
0 0.57890625 0.19305546875 0.046875 0.1006953125
0 0.658984375 0.8328125 0.3046875 0.32465312500000004
1 0.44765625 0.103125 0.0421875 0.025
1 0.34140625 0.09921875 0.0359375 0.0296875
1 0.2421875 0.27109375 0.0125 0.0765625