0 0.6287109375 0.840625 0.130859375 0.3055562500000001
0 0.3650390625 0.8961804687499999 0.173828125 0.20138906250000002
0 0.4109375 0.41354140624999997 0.1015625 0.10416718750000001
0 0.514453125 0.4326390625 0.11328125 0.21875
2 0.40703125 0.45347187499999997 0.0234375 0.09375
2 0.4001953125 0.4960070312499999 0.009765625 0.022570312499999988
2 0.627734375 0.37881953125 0.01953125 0.08333281249999999
2 0.60185546875 0.3458328125 0.0166015625 0.05902812500000003
2 0.455859375 0.2920140625 0.015625 0.0625
0 0.36796875 0.22777812500000003 0.0703125 0.128471875
4 0.5585515625 0.513503125 0.30147812500000004 0.02405937500000004
1 0.5486328125 0.1010421875 0.052734375 0.027778124999999997
1 0.7556640625 0.26597265625000005 0.013671875 0.0520828125