0 0.369921875 0.73645859375 0.11328125 0.2569453125000001
0 0.6024828125 0.8423609375 0.164340625 0.302084375
0 0.467578125 0.39791640625 0.09375 0.17708281250000005
0 0.575 0.41354140624999997 0.1171875 0.10416718750000001
2 0.58671875 0.4482640625 0.0234375 0.083334375
2 0.371875 0.36666640624999997 0.01953125 0.07986093749999998
2 0.54228515625 0.31111093749999996 0.0126953125 0.010415624999999994
2 0.5427734375 0.27465234374999997 0.013671875 0.0416671875
0 0.635546875 0.31631953125 0.02734375 0.02777656249999998
0 0.631640625 0.2329859375 0.05859375 0.11805625000000002
0 0.5857421875 0.22430546875 0.033203125 0.045139062500000014
4 0.433053125 0.514903125 0.2878 0.02216874999999998
1 0.4451171875 0.1010421875 0.041015625 0.027778124999999997
1 0.2400390625 0.21909765625000005 0.013671875 0.0208328125
1 0.2390625 0.26944453125 0.01171875 0.03819531249999999