0 0.4783203125 0.6861109375 0.212890625 0.6145843750000001
0 0.5916015625 0.403125 0.119140625 0.09722187499999997
2 0.58671875 0.46215234375 0.0234375 0.11111093750000008
0 0.4802734375 0.22604140624999997 0.037109375 0.08333281249999999
0 0.3962890625 0.37361171875 0.048828125 0.07986093749999994
1 0.4451171875 0.1010421875 0.041015625 0.027778124999999997
1 0.2400390625 0.2208328125 0.013671875 0.03125
1 0.2390625 0.27465234375 0.015625 0.07638906250000002
0 0.5037109375 0.44305546875 0.033203125 0.08680468750000006
4 0.329003125 0.5165914062500001 0.08592187499999997 0.01202968750000002
4 0.5520710937500001 0.50548671875 0.05401406250000003 0.01387968749999997