1 0.54921875 0.1046875 0.0390625 0.028125
1 0.65625 0.10234375 0.028125 0.0359375
1 0.75703125 0.26640625 0.0140625 0.0578125
0 0.553515625 0.3302078125 0.05859375 0.03472187499999997
0 0.5515625 0.25034765625 0.0625 0.10416718750000002
0 0.5154296875 0.21909765625 0.021484375 0.04166718750000002
0 0.4529296875 0.60625 0.111328125 0.1979156250000001
0 0.0453125 0.711284375 0.090625 0.24131874999999994
2 0.323046875 0.7243054687499999 0.05078125 0.1840265625
2 0.405078125 0.44131953125 0.03125 0.09722343749999998
2 0.6287109375 0.51597265625 0.033203125 0.13541718749999995
4 0.5095703125 0.5125 0.041015625 0.010415625000000085
4 0.573046875 0.51423671875 0.078125 0.013889062500000016