4 0.5050609374999999 0.5105734375 0.228025 0.02210625000000004
4 0.6702609374999999 0.51897890625 0.07504687500000004 0.013764062499999952
3 0.55078125 0.10546875 0.0390625 0.0234375
3 0.65703125 0.1015625 0.0296875 0.0375
3 0.75546875 0.26484375 0.0109375 0.0640625
0 0.487109375 0.62708359375 0.1015625 0.20486093749999998
0 0.330859375 0.9204859375 0.16015625 0.15277812500000004
0 0.0740234375 0.48211796875 0.087890625 0.12326406250000002
2 0.104296875 0.6201390625000001 0.01953125 0.072915625
2 0.080859375 0.62881953125 0.0234375 0.07638906250000002
2 0.0408203125 0.5923609375 0.041015625 0.09375
2 0.5857421875 0.6270835937499999 0.033203125 0.1631953125
2 0.623828125 0.524653125 0.03515625 0.13194375000000003