3 0.44765625 0.10234375 0.0421875 0.0234375
3 0.3421875 0.1015625 0.034375 0.0375
3 0.23984375 0.26953125 0.0140625 0.0765625
0 0.506640625 0.62708359375 0.1015625 0.20486093749999998
0 0.6619140625 0.9204859375 0.158203125 0.15277812500000004
0 0.920703125 0.48472187499999997 0.08984375 0.12847187500000007
2 0.5984375 0.48645859374999995 0.02734375 0.1180546875
2 0.4275390625 0.540278125 0.021484375 0.09375
2 0.369921875 0.5211804687500001 0.03515625 0.1319453125
2 0.244921875 0.687846875 0.04296875 0.15972187500000007
4 0.514453125 0.51163203125 0.140625 0.019098437499999933
4 0.3455078125 0.51770859375 0.025390625 0.013889062500000016
4 0.3103515625 0.51770859375 0.037109375 0.013889062500000016
4 0.4001953125 0.5151046874999999 0.037109375 0.015625