4 0.4802734375 0.51163203125 0.142578125 0.019098437499999933
2 0.565234375 0.540278125 0.0234375 0.09375
4 0.5935546875 0.516840625 0.037109375 0.019096875000000058
2 0.3943359375 0.48993046875000007 0.025390625 0.1180546875
2 0.6267578125 0.5576390625000001 0.021484375 0.05902812500000003
2 0.748828125 0.6895828125000001 0.04296875 0.15625
0 0.487109375 0.62708359375 0.1015625 0.20486093749999998
0 0.330859375 0.9204859375 0.16015625 0.15277812500000004
0 0.6609375 0.930903125 0.1640625 0.13194374999999994
0 0.073046875 0.48472187499999997 0.09375 0.12847187500000007
3 0.55 0.10234375 0.0375 0.0234375
3 0.65703125 0.10390625 0.0359375 0.0390625
3 0.7546875 0.27109375 0.0125 0.0703125