2 0.4314453125 0.51944453125 0.033203125 0.13541718750000004
4 0.4001953125 0.5177078125 0.037109375 0.027778124999999942
4 0.514453125 0.51076328125 0.140625 0.017360937499999986
3 0.44609375 0.103125 0.0484375 0.028125
3 0.3421875 0.10078125 0.034375 0.0359375
3 0.240625 0.2703125 0.009375 0.065625
0 0.506640625 0.62708359375 0.1015625 0.20486093749999998
0 0.350390625 0.81979140625 0.140625 0.3055546874999999
0 0.662890625 0.9204859375 0.16015625 0.15277812500000004
0 0.9197265625 0.48472187499999997 0.091796875 0.12847187500000007
2 0.5994140625 0.49513828125000003 0.025390625 0.10763906250000002
2 0.371875 0.53506953125 0.03125 0.10416718750000005
2 0.2400390625 0.71909765625 0.025390625 0.07638906249999992