2 0.7400390625 0.66006953125 0.041015625 0.15277656250000007
2 0.5671875 0.5385421875 0.0234375 0.09027812499999995
2 0.623828125 0.5298609375 0.03515625 0.114584375
2 0.3962890625 0.48993046875 0.025390625 0.10416718750000005
0 0.487109375 0.62708359375 0.1015625 0.20486093749999998
0 0.0740234375 0.48472187499999997 0.091796875 0.12847187500000007
0 0.643359375 0.81979140625 0.140625 0.3055546874999999
0 0.3318359375 0.9204859375 0.158203125 0.15277812500000004
4 0.4802734375 0.50902734375 0.138671875 0.017360937500000072
4 0.5935546875 0.51944375 0.037109375 0.03125
3 0.55 0.103125 0.040625 0.025
3 0.6578125 0.1046875 0.03125 0.03125