2 0.6462890625 0.5515625 0.025390625 0.1302093749999999
2 0.655078125 0.42048593749999996 0.01953125 0.09722187499999997
0 0.57890625 0.38316015624999994 0.05859375 0.09201406249999997
0 0.5056640625 0.29027734374999997 0.029296875 0.010417187500000003
0 0.5037109375 0.33194453125 0.044921875 0.0520828125
0 0.4431640625 0.48819453125 0.076171875 0.13541718750000004
0 0.0740234375 0.48472187499999997 0.091796875 0.12847187500000007
4 0.686328125 0.51944453125 0.0390625 0.010417187500000046
4 0.5583984375 0.5151046874999999 0.142578125 0.015625
1 0.65546875 0.1046875 0.0328125 0.040625
1 0.7578125 0.27578125 0.015625 0.0703125