0 0.4822265625 0.26944453125 0.037109375 0.0520828125
0 0.6111328125 0.26597265625000005 0.044921875 0.0520828125
0 0.4265625 0.28767343749999996 0.0390625 0.026040624999999994
0 0.4255859375 0.32760390624999997 0.041015625 0.0364578125
0 0.533984375 0.3857640625 0.0546875 0.09722187500000001
0 0.9197265625 0.48472187499999997 0.091796875 0.12847187500000007
1 0.340625 0.10390625 0.028125 0.0390625
1 0.240625 0.27578125 0.015625 0.0734375
0 0.3796875 0.91354140625 0.1796875 0.16666718750000004
2 0.592578125 0.509028125 0.02734375 0.12847187500000007
2 0.42265625 0.46649296875 0.0234375 0.11284843749999993
4 0.3103515625 0.51944453125 0.037109375 0.010417187500000046
4 0.3748046875 0.51597265625 0.083984375 0.017360937500000072
4 0.5017578125 0.515971875 0.146484375 0.024306249999999974