0 0.5115234375 0.26944453125 0.037109375 0.0520828125
0 0.3826171875 0.26597265625000005 0.044921875 0.0520828125
0 0.5671875 0.28767343749999996 0.0390625 0.026040624999999994
0 0.5681640625 0.32760390624999997 0.041015625 0.0364578125
0 0.459765625 0.3857640625 0.0546875 0.09722187500000001
0 0.0740234375 0.48472187499999997 0.091796875 0.12847187500000007
1 0.65625 0.10390625 0.028125 0.0390625
1 0.75625 0.27578125 0.015625 0.0734375
0 0.6140625 0.91354140625 0.1796875 0.16666718750000004
2 0.401171875 0.509028125 0.02734375 0.12847187500000007
2 0.57109375 0.46649296875 0.0234375 0.11284843749999993
4 0.6833984375 0.51944453125 0.037109375 0.010417187500000046
4 0.6189453125 0.51597265625 0.083984375 0.017360937500000072
4 0.4919921875 0.515971875 0.146484375 0.024306249999999974