0 0.5447265625 0.28159765625000005 0.037109375 0.0208328125
0 0.54375 0.3232640625 0.046875 0.041665625
0 0.47099609375 0.21475703125 0.0263671875 0.03992968750000001
0 0.4392578125 0.2373265625 0.029296875 0.04340312499999999
0 0.434375 0.4326390625 0.07421875 0.128471875
0 0.9197265625 0.48385390624999997 0.091796875 0.12673593749999998
4 0.475390625 0.5125 0.23828125 0.024306250000000064
2 0.3396484375 0.5489585937499999 0.048828125 0.1319453125
2 0.3533203125 0.9170140625000001 0.052734375 0.15972187499999996
2 0.483203125 0.340625 0.015625 0.06944375000000003
1 0.44609375 0.10625 0.0390625 0.01875
1 0.3390625 0.103125 0.03125 0.0375
1 0.24140625 0.275 0.0140625 0.0625