4 0.5623046875 0.51423671875 0.037109375 0.013889062500000016
4 0.428515625 0.50729140625 0.05859375 0.013889062500000016
3 0.5515625 0.1046875 0.04375 0.03125
3 0.65703125 0.0984375 0.0328125 0.034375
3 0.75625 0.27421875 0.015625 0.0609375
0 0.4998046875 0.5776046874999999 0.103515625 0.203125
0 0.0681640625 0.48558984375 0.080078125 0.13020781250000005
0 0.3357421875 0.81979140625 0.248046875 0.3541671875
2 0.5955078125 0.555903125 0.025390625 0.06944375000000003
2 0.643359375 0.555903125 0.01953125 0.0625
2 0.1267578125 0.531596875 0.037109375 0.11805624999999997