1 0.6546875 0.10078125 0.034375 0.0421875
1 0.5515625 0.10390625 0.040625 0.0359375
1 0.75546875 0.2703125 0.0171875 0.065625
0 0.5017578125 0.5645835937499999 0.099609375 0.19791718749999995
0 0.073046875 0.48472187499999997 0.09375 0.12847187500000007
0 0.3513671875 0.7920140625000001 0.212890625 0.40972187499999996
4 0.6853515625 0.51944453125 0.037109375 0.010417187500000046
4 0.428515625 0.508159375 0.05859375 0.012153124999999942
4 0.60234375 0.51597265625 0.1171875 0.017360937500000072
2 0.575 0.39791640624999997 0.01953125 0.04513906249999997
2 0.619921875 0.40138828125000003 0.015625 0.04513906250000006