3 0.2546875 0.1734375 0.009375 0.06875
3 0.33984375 0.06875 0.0328125 0.021875
3 0.421875 0.0546875 0.028125 0.01875
3 0.38359375 0.05859375 0.0171875 0.0203125
4 0.4275390625 0.33469921874999997 0.224609375 0.03429843749999999
2 0.8865234375 0.39043203125000003 0.033203125 0.07373906250000002
2 0.440234375 0.19065234375 0.02734375 0.04458593749999999
2 0.371875 0.47274374999999996 0.03515625 0.12861250000000002
0 0.494921875 0.12205859375000001 0.01953125 0.030867187500000014
0 0.6677734375 0.16235703125 0.068359375 0.042870312499999993
0 0.2654296875 0.383571875 0.099609375 0.19720624999999997
0 0.29912109375 0.17093125 0.0771484375 0.08745625000000001