0 0.627734375 0.14520859375 0.1328125 0.1046046875
3 0.575 0.0515625 0.028125 0.021875
3 0.615625 0.05859375 0.015625 0.0234375
3 0.65546875 0.06484375 0.0296875 0.0171875
3 0.74140625 0.17421875 0.0109375 0.0671875
0 0.729296875 0.383571875 0.09765625 0.19720624999999997
2 0.608203125 0.36299453125 0.02734375 0.0943171875
0 0.4978515625 0.12205859375000001 0.017578125 0.030867187500000014
0 0.48125 0.1074828125 0.01953125 0.02915312499999999
4 0.635546875 0.34413125 0.03515625 0.008575
4 0.5251953125 0.32783984374999997 0.142578125 0.02057968749999999