2 0.2224609375 0.39986328125 0.037109375 0.07202343749999995
2 0.60234375 0.32012343750000005 0.0234375 0.08402812499999998
4 0.6453125 0.3449890625 0.06640625 0.013718750000000002
4 0.5212890625 0.32783984374999997 0.134765625 0.02057968749999999
0 0.7283203125 0.38357265625000003 0.099609375 0.20406718750000002
0 0.5740234375 0.104053125 0.025390625 0.056590625000000006
0 0.43828125 0.13406250000000003 0.02734375 0.034296875000000004
0 0.4958984375 0.12291640625 0.021484375 0.032582812500000016
3 0.57265625 0.0515625 0.0328125 0.015625
3 0.61640625 0.059375 0.0171875 0.025
3 0.65625 0.065625 0.028125 0.025
3 0.73984375 0.1734375 0.0140625 0.075