0 0.26640625 0.38271484375 0.1015625 0.2023515625
2 0.393359375 0.59106796875 0.04296875 0.15947968750000002
2 0.3552734375 0.88001953125 0.056640625 0.21607031250000003
2 0.3845703125 0.1606421875 0.009765625 0.032581249999999985
2 0.6609375 0.1829359375 0.015625 0.042871875000000004
0 0.46171875 0.22237656249999999 0.046875 0.07373750000000001
0 0.342578125 0.20094140624999998 0.06640625 0.05144531249999999
0 0.4998046875 0.13491953125 0.021484375 0.042870312499999993
4 0.43308203125 0.33262265625 0.23178906250000003 0.03845156249999997
1 0.4234375 0.05390625 0.03125 0.0234375
1 0.3828125 0.0609375 0.01875 0.028125
1 0.3421875 0.06796875 0.03125 0.0203125
1 0.25625 0.1765625 0.0125 0.071875