1 0.57421875 0.0515625 0.0296875 0.01875
1 0.61640625 0.06015625 0.0203125 0.0203125
1 0.65390625 0.0671875 0.0296875 0.025
1 0.74140625 0.1734375 0.0140625 0.071875
0 0.7283203125 0.38185703125 0.099609375 0.20063593749999997
2 0.6326171875 0.32012265625 0.021484375 0.0771671875
2 0.6013671875 0.26181875 0.017578125 0.06345
0 0.5134765625 0.15549765624999998 0.044921875 0.056589062499999995
0 0.5603515625 0.14692421875 0.025390625 0.03944218750000002
4 0.65947265625 0.3475609375 0.0400390625 0.008575
4 0.5359375 0.32955390625000003 0.1640625 0.024007812500000014