4 0.565234375 0.33469921874999997 0.22265625 0.03429843749999999
2 0.295703125 0.8534390625 0.05859375 0.21092500000000003
2 0.60234375 0.24724218750000002 0.015625 0.06173437500000003
2 0.6404296875 0.29268515625 0.017578125 0.07030781250000002
0 0.522265625 0.15978515625 0.05078125 0.058304687499999994
0 0.56328125 0.13834921875 0.0234375 0.03601093749999999
0 0.7283203125 0.38271484375 0.099609375 0.2023515625
1 0.57265625 0.0515625 0.0265625 0.025
1 0.6140625 0.05859375 0.021875 0.0203125
1 0.65546875 0.06640625 0.0296875 0.0234375
1 0.7421875 0.17265625 0.0125 0.0703125