4 0.5828125 0.33555703125 0.19140625 0.03258281249999997
2 0.471484375 0.35785 0.0234375 0.09774687499999998
2 0.5505859375 0.45045078125 0.025390625 0.11832343749999996
0 0.7302734375 0.38357265625000003 0.103515625 0.20406718750000002
0 0.5955078125 0.182078125 0.080078125 0.06173437499999999
2 0.5994140625 0.2198046875 0.017578125 0.048015624999999985
2 0.709765625 0.25324453125 0.0234375 0.05316093749999999
1 0.575 0.05546875 0.028125 0.0171875
1 0.61484375 0.059375 0.0171875 0.025
1 0.65546875 0.0671875 0.0328125 0.025
1 0.7421875 0.17578125 0.0125 0.0640625