4 0.565625 0.30234375 0.11875 0.0140625
1 0.678125 0.10234375 0.009375 0.0640625
2 0.6326171875 0.27204843749999996 0.021484375 0.10590312499999999
4 0.66484375 0.30234375 0.0359375 0.0140625
2 0.5857421875 0.2329859375 0.021484375 0.09722187500000001
2 0.6052734375 0.1921875 0.017578125 0.078125
2 0.89140625 0.559375 0.0625 0.125
2 0.9236328125 0.60104140625 0.083984375 0.1180546875
2 0.1736328125 0.6583335937499999 0.013671875 0.0868046875
2 0.143359375 0.71736171875 0.05078125 0.14236093749999998
0 0.49296875 0.042014062500000005 0.0234375 0.034721875
0 0.85625 0.40399296875 0.08984375 0.1822921875