0 0.5388671875 0.11493046874999999 0.041015625 0.07638906250000001
0 0.502734375 0.042014062500000005 0.0234375 0.034721875
0 0.1365234375 0.40486093749999996 0.091796875 0.184028125
2 0.3875 0.25729140624999997 0.02734375 0.10416718750000001
2 0.71171875 0.8076390625000001 0.078125 0.30902812500000004
2 0.8435546875 0.67743046875 0.064453125 0.21527656250000007
2 0.291796875 0.47517343749999996 0.0390625 0.16493125000000003
2 0.10283203125 0.559375 0.0615234375 0.125
2 0.0662109375 0.59930546875 0.091796875 0.12152656250000007
2 0.7419921875 0.31111093749999996 0.048828125 0.072915625
1 0.32109375 0.09921875 0.0109375 0.0609375
4 0.3421875 0.303125 0.075 0.015625
4 0.44453125 0.30234375 0.0921875 0.0109375