0 0.4548828125 0.11493046874999999 0.041015625 0.07638906250000001
0 0.491015625 0.042014062500000005 0.0234375 0.034721875
0 0.8572265625 0.40486093749999996 0.091796875 0.184028125
2 0.60625 0.25729140624999997 0.02734375 0.10416718750000001
2 0.28203125 0.8076390625000001 0.078125 0.30902812500000004
2 0.1501953125 0.67743046875 0.064453125 0.21527656250000007
2 0.701953125 0.47517343749999996 0.0390625 0.16493125000000003
2 0.89091796875 0.559375 0.0615234375 0.125
2 0.9275390625 0.59930546875 0.091796875 0.12152656250000007
2 0.2517578125 0.31111093749999996 0.048828125 0.072915625
1 0.67578125 0.09921875 0.0109375 0.0609375
4 0.6546875 0.303125 0.075 0.015625
4 0.55234375 0.30234375 0.0921875 0.0109375