5 0.67890625 0.09296875 0.0109375 0.0578125
4 0.59765625 0.30234375 0.1828125 0.0140625
0 0.440234375 0.28767343749999996 0.0703125 0.144096875
0 0.8572265625 0.40486093749999996 0.091796875 0.184028125
2 0.1501953125 0.67743046875 0.064453125 0.21527656250000007
2 0.8923828125 0.559375 0.060546875 0.125
2 0.9265625 0.6010421874999999 0.08984375 0.125
2 0.5818359375 0.14097187500000002 0.017578125 0.06597187499999999
2 0.41484375 0.13055546875 0.015625 0.059026562500000004
2 0.4353515625 0.14704843750000002 0.025390625 0.057290625
0 0.408984375 0.07326328125 0.05859375 0.04861093750000001