4 0.5578125 0.30078125 0.1 0.0203125
2 0.621875 0.33715312500000005 0.02734375 0.13194374999999997
4 0.66328125 0.29921875 0.0515625 0.0109375
1 0.67578125 0.10546875 0.0140625 0.0796875
2 0.61796875 0.5828125 0.04296875 0.19965312500000004
2 0.3962890625 0.3076390625 0.025390625 0.128471875
2 0.401171875 0.14618124999999998 0.015625 0.0625
2 0.569140625 0.12013906249999999 0.03515625 0.052084374999999995
2 0.8923828125 0.559375 0.064453125 0.125
0 0.85625 0.403125 0.08984375 0.18055625000000003
0 0.496875 0.02986171875 0.0234375 0.04513906249999999