4 0.39765625 0.3 0.1671875 0.0125
1 0.32109375 0.09609375 0.0171875 0.0703125
0 0.1375 0.40486093749999996 0.08984375 0.184028125
2 0.56328125 0.11927109375 0.01171875 0.0572921875
0 0.5076171875 0.0498265625 0.029296875 0.043403125
0 0.494921875 0.031596875 0.0234375 0.034721875
2 0.584765625 0.2 0.0234375 0.08680625
2 0.4021484375 0.1322921875 0.013671875 0.0625
2 0.4431640625 0.40486093749999996 0.033203125 0.15625
2 0.37578125 0.35798671875 0.03125 0.13888906249999997
2 0.68046875 0.621875 0.0546875 0.22222187499999996