4 0.60121328125 0.30151484375 0.18813593750000007 0.018804687499999993
1 0.67734375 0.1015625 0.0140625 0.059375
2 0.3435546875 0.4604164062500001 0.037109375 0.17708281250000005
2 0.403125 0.2173609375 0.01953125 0.08680625000000002
2 0.5896484375 0.17222265625 0.017578125 0.07291718750000002
2 0.56328125 0.14010390625 0.015625 0.06423593749999998
0 0.46953125 0.06545156249999999 0.03515625 0.05381874999999999
0 0.494921875 0.04375 0.03125 0.038193750000000005
0 0.8572265625 0.40399296875 0.091796875 0.1822921875
2 0.89140625 0.559375 0.0625 0.125
2 0.920703125 0.60451328125 0.078125 0.11111093749999998