0 0.45390625 0.61271953125 0.1875 0.14770468750000001
0 0.2654296875 0.66521015625 0.173828125 0.16967656250000002
0 0.3708984375 0.305103125 0.138671875 0.06469687500000001
0 0.6404296875 0.25810625 0.072265625 0.05859375
0 0.7634765625 0.3160890625 0.166015625 0.07690312500000003
4 0.3337890625 0.57548828125 0.076171875 0.0244140625
4 0.1375 0.60844765625 0.125 0.0341796875
4 0.6736328125 0.5272703125 0.365234375 0.05493125000000001
3 0.385546875 0.11345234374999999 0.01953125 0.028076562499999992
3 0.2595703125 0.13664609374999998 0.017578125 0.05004843749999999
3 0.13359375 0.14641171874999998 0.0234375 0.04028281249999999