4 0.58134765625 0.54191875 0.5498046875 0.08422812500000001
4 0.11845703125 0.61088828125 0.1044921875 0.0341796875
0 0.252734375 0.6444578125 0.171875 0.16235312500000001
0 0.178515625 0.40153828125 0.08984375 0.07690468749999999
0 0.22294921875 0.27946796875 0.0849609375 0.05737343749999999
0 0.4958984375 0.31975078125 0.150390625 0.06957968750000001
0 0.6345703125 0.25932656249999997 0.087890625 0.061034375000000016
0 0.944140625 0.30510234375 0.10546875 0.07934531250000001
3 0.3865234375 0.11528359375 0.021484375 0.031739062500000005
3 0.25859375 0.13664609374999998 0.015625 0.05004843749999999
3 0.13359375 0.14641171874999998 0.01953125 0.04028281249999999